TDRS 3                  
1 19548U 88091B   17321.54351962 -.00000305  00000-0  00000-0 0  9991
2 19548  14.4482   6.3997 0037785 307.1813 236.5769  1.00268155 93984
SKYNET 4C               
1 20776U 90079A   17320.79171402  .00000120  00000-0  00000+0 0  9993
2 20776  13.8869  14.5880 0002932 219.7404 140.2067  1.00272451 99514
TDRS 5                  
1 21639U 91054B   17321.76536656  .00000081  00000-0  00000+0 0  9996
2 21639  14.4659  19.7981 0019859 334.3127 170.7723  1.00268970 96287
TDRS 6                  
1 22314U 93003B   17321.53382639 -.00000297  00000-0  00000-0 0  9999
2 22314  14.0088  22.7618 0007850 280.0544 260.3114  1.00268493 91026
ASTRA 1D                
1 23331U 94070A   17321.41578799 -.00000270  00000-0  00000+0 0  9995
2 23331   7.7904  48.1831 0004878 192.8867 252.7525  1.00265901 84749
BRASILSAT B2            
1 23536U 95016A   17321.34272765 -.00000282  00000-0  00000+0 0  9992
2 23536   7.4167  50.0654 0001985 214.0337 207.8729  1.00271174 82894
AMSC 1                  
1 23553U 95019A   17321.23677605 -.00000119  00000-0  00000-0 0  9994
2 23553  10.2691  38.5382 0006194 203.2990 156.5861  1.00271934 82754
TDRS 7                  
1 23613U 95035B   17321.52478934 -.00000207  00000-0  00000-0 0  9993
2 23613  15.0242  13.4968 0026604 354.9183 322.1630  1.00272014 81826
ECHOSTAR 1              
1 23754U 95073A   17321.54837674 -.00000244  00000-0  00000+0 0  9993
2 23754   1.1363  89.2883 0002457 147.0835 300.6197  1.00271570 80020
INMARSAT 3-F1           
1 23839U 96020A   17320.96026411  .00000004  00000-0  00000+0 0  9997
2 23839   4.2716  66.7746 0005921 170.7112 228.9256  1.00271358 79196
ASTRA 1F                
1 23842U 96021A   17321.58727623  .00000136  00000-0  00000-0 0  9991
2 23842   0.0364 344.4474 0003857 253.4039  74.7156  1.00270421 20923
MSAT M1                 
1 23846U 96022A   17321.27350355 -.00000088  00000-0  00000+0 0  9992
2 23846   7.9777  47.6750 0006168 199.8396 160.0089  1.00271938 79019
INMARSAT 3-F2           
1 24307U 96053A   17321.10169782 -.00000128  00000-0  00000+0 0  9998
2 24307   2.9357  76.9232 0006517 174.9125 185.6394  1.00271485 77605
AMC-1 (GE-1)            
1 24315U 96054A   17320.43737742  .00000053  00000-0  00000-0 0  9997
2 24315   1.8853  84.2611 0002873 171.6311 188.1266  1.00273045 14890
AFRICASAT-2 (MEASAT-2)  
1 24653U 96063B   17321.22687865 -.00000231  00000-0  00000-0 0  9999
2 24653   7.7134  48.5983 0011931 192.2312  45.3329  1.00270427 77032
INMARSAT 3-F3           
1 24674U 96070A   17321.61702569  .00000035  00000-0  00000+0 0  9992
2 24674   3.7308  71.0003 0005478 167.4114 218.7225  1.00273409 76540
AMC-2 (GE-2)            
1 24713U 97002A   17321.30141653 -.00000214  00000-0  00000-0 0  9990
2 24713   4.6184  65.1358 0004752 177.5106 197.5911  1.00271971 76166
INTELSAT 26 (IS-26)     
1 24732U 97007A   17321.01785934 -.00000015  00000-0  00000-0 0  9999
2 24732   7.6919  48.9368 0004958 188.8681 250.7114  1.00272812 41318
GALAXY 25 (G-25)        
1 24812U 97026A   17321.10196122 -.00000167  00000-0  00000+0 0  9991
2 24812   0.0162 317.5847 0003560 265.9112 136.5010  1.00272559 74933
ABS-3                   
1 24901U 97042A   17320.98448689  .00000072  00000-0  00000-0 0  9996
2 24901   5.1650  62.3990 0008282 172.4187 194.5356  1.00013881 74123
INTELSAT 5 (IS-5)       
1 24916U 97046A   17320.60369793 -.00000146  00000-0  00000+0 0  9995
2 24916   3.8418  70.3204 0004900 184.9315 174.8517  1.00271511 74189
AMC-3 (GE-3)            
1 24936U 97050A   17321.81157069 -.00000261  00000-0  00000+0 0  9995
2 24936   0.7034  91.6256 0002469 148.6068  36.9991  1.00271093 74026
NSS-5                   
1 24957U 97053A   17321.59286700  .00000105  00000-0  00000-0 0  9998
2 24957   4.1327  68.5189 0003093 175.6594  76.6114  1.00275040 73751
ASTRA 1G                
1 25071U 97076A   17320.99007685  .00000103  00000-0  00000-0 0  9995
2 25071   2.6334  77.7925 0002911 162.4901 223.4821  1.00271104 73130
BRASILSAT B3            
1 25152U 98006A   17321.20559548 -.00000286  00000-0  00000-0 0  9997
2 25152   4.3168  67.5070 0002821 166.7238 193.0697  1.00270601 12094
INMARSAT 3-F5           
1 25153U 98006B   17321.22684787 -.00000291  00000-0  00000+0 0  9999
2 25153   2.8791  73.8262 0004773 167.4423 202.8679  1.00269568 72461
NSS-806                 
1 25239U 98014A   17321.53865380 -.00000281  00000-0  00000-0 0  9997
2 25239   0.0589 338.3118 0004301 260.9556 323.9576  1.00272033 15888
CHINASAT 5A (ZX 5A)     
1 25354U 98033A   17321.88878874 -.00000355  00000-0  00000+0 0  9997
2 25354   1.5669  86.0984 0006011 167.9481 248.5768  1.00269490 75820
THOR III                
1 25358U 98035A   17321.01686000 -.00000047  00000-0  00000-0 0  9995
2 25358   5.6819  58.2571 0002204 186.6764 173.1435  1.00271037 71427
INTELSAT 805 (IS-805)   
1 25371U 98037A   17321.47874469 -.00000033  00000-0  00000-0 0  9995
2 25371   0.3362  93.9272 0003196 153.2711 150.8932  1.00272912 71128
ASTRA 2A                
1 25462U 98050A   17321.30601675 -.00000363  00000-0  00000-0 0  9996
2 25462   0.0421 240.5372 0002277   2.9301  36.7998  1.00272168 14930
AFRISTAR                
1 25515U 98063A   17321.58310042  .00000122  00000-0  00000+0 0  9995
2 25515   3.5933  69.2006 0003969 169.9084  48.6526  1.00269111 69704
JCSAT-4A                
1 25630U 99006A   17321.47823396 -.00000204  00000-0  00000-0 0  9993
2 25630   2.6080  79.2285 0006045 162.2644 137.3958  1.00275387 19185
SKYNET 4E               
1 25639U 99009B   17320.92268412 -.00000036  00000-0  00000+0 0  9998
2 25639  10.2627  27.4285 0003429 214.8175 144.9006  1.00273777 68595
ASIASAT 3S              
1 25657U 99013A   17320.15188387 -.00000242  00000-0  00000-0 0  9990
2 25657   2.8152  77.4546 0003428 171.8967   6.7870  1.00269593 68382
NIMIQ 1                 
1 25740U 99027A   17321.55323939 -.00000201  00000-0  00000+0 0  9991
2 25740   0.0618  94.2816 0004388 163.5497 271.6347  1.00271876 67783
ASTRA 1H                
1 25785U 99033A   17321.14314528  .00000006  00000-0  00000+0 0  9998
2 25785   4.1167  68.6706 0001853  87.3226 319.8302  1.00034222 67368
TELKOM 1                
1 25880U 99042A   17321.44907095 -.00000186  00000-0  00000+0 0  9994
2 25880   0.1643  95.7828 0023330 171.6499  36.8566  1.00229011 66929
ABS-7                   
1 25894U 99046A   17321.70682552 -.00000364  00000-0  00000+0 0  9998
2 25894   0.0097  95.3846 0001278 188.2336 143.9024  1.00269407 65722
ABS-6                   
1 25924U 99053A   17321.40086440 -.00000123  00000-0  00000+0 0  9994
2 25924   0.0178  24.4363 0002694 177.0879 158.4897  1.00269616 66456
TELSTAR 12 (ORION 2)    
1 25949U 99059A   17321.56295935 -.00000065  00000-0  00000+0 0  9990
2 25949   1.2565  88.1820 0002698 158.5253 263.5979  1.00273045 66107
AMC-4 (GE-4)            
1 25954U 99060A   17321.21783248  .00000084  00000-0  00000+0 0  9999
2 25954   0.0589  96.0013 0002507 150.5280 113.4695  1.00272720 66061
GALAXY 11 (G-11)        
1 26038U 99071A   17321.58727623  .00000134  00000-0  00000-0 0  9997
2 26038   0.0756  89.8733 0000772 252.7615 330.5496  1.00273110 65681
SUPERBIRD-B2            
1 26095U 00012A   17321.47855413 -.00000095  00000-0  00000-0 0  9991
2 26095   0.7244  92.7698 0002811 140.4374 157.7885  1.00271964 13765
ASIASTAR                
1 26107U 00016A   17321.45185980 -.00000336  00000-0  00000-0 0  9990
2 26107   1.9899  81.4956 0003968 154.7608  88.1541  1.00271583 64503
EUTELSAT 16C            
1 26243U 00019A   17321.04837822  .00000087  00000-0  00000-0 0  9990
2 26243   4.5537  65.5189 0003112 183.9023 198.8004  1.00272502 64324
EUTELSAT 80A            
1 26369U 00028A   17321.34600306 -.00000105  00000-0  00000-0 0  9999
2 26369   1.3339  85.2579 0003673 192.7551 250.4744  1.00271639 64018
TDRS 8                  
1 26388U 00034A   17320.74753048 -.00000235  00000-0  00000+0 0  9995
2 26388   7.7442  54.5442 0009526 228.4690 131.3194  1.00276428 63742
ECHOSTAR 6              
1 26402U 00038A   17321.55818823 -.00000151  00000-0  00000+0 0  9996
2 26402   4.4730  66.2977 0003127 181.8088 273.4517  1.00272011 63493
INTELSAT 9 (IS-9)       
1 26451U 00043A   17321.20951927 -.00000219  00000-0  00000-0 0  9997
2 26451   3.8298  70.5435 0003355 186.4256 205.4320  1.00271391 12724
BRASILSAT B4            
1 26469U 00046A   17321.33097987 -.00000173  00000-0  00000+0 0  9998
2 26469   1.9710  84.0673 0002618 164.7379 194.9766  1.00272007 63212
NILESAT 102             
1 26470U 00046B   17321.28366462 -.00000061  00000-0  00000-0 0  9998
2 26470   1.9977  82.9417 0005901 167.5617 261.2010  1.00272774 13773
ASTRA 2B                
1 26494U 00054A   17321.34406399 -.00000156  00000-0  00000+0 0  9998
2 26494   2.5241  78.4464 0005159 174.1378 268.3068  1.00272909 62815
AMC-7 (GE-7)            
1 26495U 00054B   17320.22080857  .00000081  00000-0  00000+0 0  9998
2 26495   0.0627  87.9009 0002507 157.1114 114.9855  1.00272050 62828
NSS-11 (AAP-1)          
1 26554U 00059A   17321.39004227 -.00000349  00000-0  00000-0 0  9994
2 26554   0.0270  46.4094 0001575 175.5292  83.2969  1.00272147  9885
N-SAT-110 (JCSAT-110)   
1 26559U 00060A   17321.82870670 -.00000353  00000-0  00000+0 0  9996
2 26559   0.0467 101.7722 0001520 328.0361  35.6754  1.00270109 62690
AMC-6 (GE-6)            
1 26580U 00067A   17321.81646556 -.00000218  00000-0  00000+0 0  9990
2 26580   0.0102 342.3315 0002807 272.5387  13.1378  1.00270190 62560
INTELSAT 12 (IS-12)     
1 26590U 00068A   17321.58727623  .00000134  00000-0  00000-0 0  9998
2 26590   0.8093  91.9174 0003535 169.6752  51.6647  1.00273802 20292
INTELSAT 1R (IS-1R)     
1 26608U 00072A   17321.41160562 -.00000140  00000-0  00000-0 0  9996
2 26608   0.6256  94.3184 0000255 338.8071 288.8395  1.00270772  9899
ANIK F1                 
1 26624U 00076A   17321.14142683 -.00000078  00000-0  00000+0 0  9991
2 26624   0.0125 219.6335 0002210 311.8317 188.5636  1.00272341 62306
ASTRA 2D                
1 26638U 00081A   17320.87002095  .00000042  00000-0  00000+0 0  9993
2 26638   3.9430  69.3192 0001981 166.9669 192.8205  1.00275597 61963
AMC-8 (GE-8)            
1 26639U 00081B   17321.49893103  .00000101  00000-0  00000-0 0  9998
2 26639   0.0193 337.9069 0002596 274.2289 205.2555  1.00272579 61929
SKYNET 4F               
1 26695U 01005B   17321.04282235 -.00000253  00000-0  00000+0 0  9994
2 26695   9.0684  35.5614 0002231 203.4545 158.7560  1.00273812 61454
EUTELSAT 33C            
1 26719U 01011A   17321.14768125  .00000151  00000-0  00000-0 0  9993
2 26719   0.0718  22.2370 0004532 233.7386 246.7005  1.00269372 61129
INTELSAT 10 (IS-10)     
1 26766U 01019A   17320.99007685  .00000122  00000-0  00000-0 0  9990
2 26766   1.8358  84.4183 0002710 186.8048 188.9385  1.00270181 14217
INTELSAT 901 (IS-901)   
1 26824U 01024A   17321.35226851 -.00000144  00000-0  00000+0 0  9994
2 26824   0.0221 285.1916 0002408 313.0268 287.2142  1.00274049 60175
ASTRA 2C                
1 26853U 01025A   17321.58995653  .00000044  00000-0  00000-0 0  9994
2 26853   0.7230  91.1480 0003267 145.3885  92.9820  1.00272222 13634
ARTEMIS                 
1 26863U 01029A   17320.84505207 -.00000054  00000-0  00000+0 0  9990
2 26863  12.8634  31.4780 0006155 121.9541 295.8309  0.99288158 60972
INTELSAT 902 (IS-902)   
1 26900U 01039A   17321.85254295  .00000030  00000-0  00000+0 0  9996
2 26900   0.0114 105.0257 0002980 124.0641 196.9340  1.00272328 59351
EUTELSAT 12 WEST B      
1 26927U 01042A   17321.34600306 -.00000104  00000-0  00000-0 0  9995
2 26927   0.0791  47.1537 0005917 209.0747 272.4367  1.00271865 59097
DIRECTV 4S              
1 26985U 01052A   17321.79560024 -.00000115  00000-0  00000+0 0  9992
2 26985   0.0147 301.8185 0002494 299.0932   1.3538  1.00270488 58578
ECHOSTAR 7              
1 27378U 02006A   17321.49591637 -.00000003  00000-0  00000+0 0  9996
2 27378   0.0407  81.3811 0001023 162.9081 232.2052  1.00270166 57646
INTELSAT 904 (IS-904)   
1 27380U 02007A   17321.58727623  .00000133  00000-0  00000-0 0  9990
2 27380   0.0171 276.6859 0002533 321.9155  74.7549  1.00272858 20341
TDRS 9                  
1 27389U 02011A   17321.74524161 -.00000101  00000-0  00000+0 0  9999
2 27389   5.5613  77.1981 0020781 234.0035   2.1228  1.00271629 59017
JCSAT 2A                
1 27399U 02015A   17321.39493727 -.00000258  00000-0  00000+0 0  9991
2 27399   0.8026  91.6366 0004201 208.7594 351.4531  1.00273302 57193
ASTRA 3A                
1 27400U 02015B   17320.16514350 -.00000286  00000-0  00000-0 0  9996
2 27400   4.1023  68.0460 0002203 172.3260 187.4800  1.00268443 57296
INTELSAT 903 (IS-903)   
1 27403U 02016A   17321.69351456 -.00000226  00000-0  00000+0 0  9998
2 27403   0.1670  95.2329 0000890  88.1665  91.7167  1.00272771 57227
NSS-7                   
1 27414U 02019A   17321.12650912 -.00000159  00000-0  00000+0 0  9995
2 27414   2.2098  82.2017 0002599 163.7777 195.9576  1.00270952 57138
DIRECTV 5 (TEMPO 1)     
1 27426U 02023A   17321.14912245 -.00000059  00000-0  00000-0 0  9995
2 27426   0.0087 307.5320 0003244 301.0368 111.3966  1.00270776 56910
INTELSAT 905 (IS-905)   
1 27438U 02027A   17321.10709378 -.00000188  00000-0  00000+0 0  9991
2 27438   0.0138 258.5840 0001499 330.8451 201.0048  1.00272966 56534
EXPRESS-A4              
1 27441U 02029A   17321.64693036 -.00000248  00000-0  00000-0 0  9997
2 27441   6.3149  55.5292 0005702 109.8517 269.9046  1.00268413 56558
GALAXY 3C (G-3C)        
1 27445U 02030A   17321.10739957 -.00000155  00000-0  00000-0 0  9994
2 27445   0.0175 300.8935 0001939  31.8288  27.2929  1.00270907 15167
EUTELSAT 5 WEST A       
1 27460U 02035A   17320.85784429 -.00000047  00000-0  00000-0 0  9991
2 27460   0.0453   5.6285 0005207 235.1210 119.2230  1.00270329 56202
N-STAR C                
1 27461U 02035B   17321.28382626 -.00000313  00000-0  00000-0 0  9999
2 27461   4.9130  63.9390 0001532  88.0265 142.7820  1.00270960 56302
EUTELSAT 36 WEST A      
1 27508U 02040A   17320.94449615 -.00000251  00000-0  00000+0 0  9991
2 27508   0.0753 339.8062 0004118 326.9245  53.2566  1.00268709 55825
METEOSAT-8 (MSG-1)      
1 27509U 02040B   17321.08375819  .00000136  00000-0  00000+0 0  9993
2 27509   5.1052  57.7350 0001163 290.2363 140.0135  1.00280040 55820
INTELSAT 906 (IS-906)   
1 27513U 02041A   17321.19771524  .00000010  00000-0  00000-0 0  9996
2 27513   0.0175 278.8382 0002981 324.3274 308.6437  1.00273130 55611
KALPANA-1 (METSAT 1)    
1 27525U 02043A   17320.79115456 -.00000081  00000-0  00000-0 0  9991
2 27525   6.5996  54.2463 0015594 228.4354 131.2785  1.00270995 55633
HISPASAT 1D             
1 27528U 02044A   17321.69351456 -.00000219  00000-0  00000+0 0  9999
2 27528   0.0286 325.7847 0004538 299.9927  10.8267  1.00271757 55526
TDRS 10                 
1 27566U 02055A   17321.48596325  .00000076  00000-0  00000-0 0  9997
2 27566   5.2966  57.7156 0011394 211.9798 147.7546  1.00269178 54818
NSS-6                   
1 27603U 02057A   17321.78251684 -.00000272  00000-0  00000+0 0  9998
2 27603   0.0091 328.8448 0002684 275.5393 189.3825  1.00272243 54670
NIMIQ 2                 
1 27632U 02062A   17320.81875375 -.00000235  00000-0  00000-0 0  9998
2 27632   2.3032  81.1491 0001319 225.4405 134.2912  1.00270958 12784
INTELSAT 907 (IS-907)   
1 27683U 03007A   17320.92026204 -.00000206  00000-0  00000-0 0  9993
2 27683   0.0136 269.4131 0002648 322.4578 128.1301  1.00272010 54014
GALAXY 12 (G-12)        
1 27715U 03013B   17320.81299240  .00000054  00000-0  00000-0 0  9996
2 27715   0.0214 199.7030 0002523  41.7511 338.3302  1.00274280 20717
ASIASAT 4               
1 27718U 03014A   17320.27962731 -.00000366  00000-0  00000+0 0  9998
2 27718   0.0366  72.9471 0000524 249.9973 315.3472  1.00270927 53489
HELLAS-SAT 2            
1 27811U 03020A   17321.81180854  .00000150  00000-0  00000+0 0  9998
2 27811   0.0512 190.5485 0006123  41.5380 156.2721  1.00274871 52926
AMC-9 (GE-12)           
1 27820U 03024A   17321.82213561 -.00000288  00000-0  00000+0 0  9998
2 27820   0.3298  87.6846 0013334 246.0915 170.6179  0.99141575 52912
THURAYA-2               
1 27825U 03026A   17321.26715786  .00000126  00000-0  00000-0 0  9990
2 27825   5.0555  29.7167 0004905 202.8785 324.1121  1.00274454 52927
OPTUS C1                
1 27831U 03028B   17321.41160562 -.00000150  00000-0  00000-0 0  9990
2 27831   0.0451 141.2002 0003845  79.1117 140.5531  1.00272385 21638
ECHOSTAR 12 (RAINBOW 1) 
1 27852U 03033A   17321.82132473 -.00000201  00000-0  00000+0 0  9990
2 27852   0.0178 329.4929 0000884 238.9522  57.9200  1.00271021 52555
GALAXY 23 (G-23)        
1 27854U 03034A   17321.38726594  .00000010  00000-0  00000-0 0  9995
2 27854   0.0135 300.9041 0002956 293.9893 200.1904  1.00272267 52313
EUTELSAT 33A            
1 27948U 03043A   17320.96552289  .00000148  00000-0  00000+0 0  9991
2 27948   2.6759  77.7233 0002774 239.6855 117.2820  1.00269494 51897
GALAXY 13 (HORIZONS-1)  
1 27954U 03044A   17319.26782069  .00000039  00000-0  00000-0 0  9991
2 27954   0.0535 104.4121 0001860 207.1850  72.3637  1.00272095 15137
ZHONGXING-20            
1 28082U 03052A   17321.22494420 -.00000329  00000-0  00000+0 0  9995
2 28082   3.8039  70.5422 0005036 203.5900 326.6219  1.00271532 51330
YAMAL 202               
1 28089U 03053A   17321.86226515  .00000117  00000-0  00000+0 0  9995
2 28089   0.0607  92.5035 0003787 178.6942 145.3847  1.00275639 51267
EXPRESS-AM22 (SESAT 2)  
1 28134U 03060A   17321.79007655 -.00000139  00000-0  00000+0 0  9993
2 28134   0.7718  90.6711 0000143 297.4101  33.5042  1.00272039 50858
AMC-10 (GE-10)          
1 28154U 04003A   17321.61532052  .00000086  00000-0  00000-0 0  9999
2 28154   0.0113 314.2178 0000793 217.9517 331.2168  1.00269951 50499
ABS-4 (MOBISAT-1)       
1 28184U 04007A   17321.20254241  .00000037  00000-0  00000-0 0  9998
2 28184   0.0220 294.6190 0002058 295.7768 320.0130  1.00271836 20907
EUTELSAT 7A             
1 28187U 04008A   17321.22688171  .00000044  00000-0  00000-0 0  9995
2 28187   0.0757  31.4858 0005191 199.4207 274.2632  1.00273784 49960
DIRECTV 7S              
1 28238U 04016A   17321.61331424 -.00000002  00000-0  00000-0 0  9995
2 28238   0.0285  37.7629 0002475 203.2813 277.5531  1.00273028 49658
AMC-11 (GE-11)          
1 28252U 04017A   17321.49979907  .00000066  00000-0  00000+0 0  9990
2 28252   0.0213 323.7031 0002652 291.5065 210.4931  1.00274443 49287
INTELSAT 10-02          
1 28358U 04022A   17321.23170910 -.00000014  00000-0  00000+0 0  9996
2 28358   0.0093 254.4011 0001055  69.9616 174.5653  1.00272447 49208
APSTAR 5 (TELSTAR 18)   
1 28364U 04024A   17321.63941976 -.00000296  00000-0  00000+0 0  9999
2 28364   0.0612  97.3325 0003465 145.9511 181.8167  1.00271891 49135
ANIK F2                 
1 28378U 04027A   17321.39007850 -.00000053  00000-0  00000+0 0  9995
2 28378   0.0498  88.8376 0000287 115.3226 241.8545  1.00272012 48936
AMC-15                  
1 28446U 04041A   17321.63174779 -.00000091  00000-0  00000-0 0  9992
2 28446   0.0621  84.8929 0002675 161.2238 293.1598  1.00272216 47973
AMC-16                  
1 28472U 04048A   17321.55323939 -.00000209  00000-0  00000+0 0  9993
2 28472   0.0219  14.1798 0002532 222.8363 293.9787  1.00273244 47396
NSS-10 (AMC-12)         
1 28526U 05003A   17321.69837759 -.00000253  00000-0  00000+0 0  9999
2 28526   0.0238 306.7820 0003019 306.5117  17.6385  1.00271636 46893
XTAR-EUR                
1 28542U 05005A   17320.76373923  .00000146  00000-0  00000+0 0  9994
2 28542   0.0449 100.0154 0002918 149.9726 110.0052  1.00274522 46753
XM-3 (RHYTHM)           
1 28626U 05008A   17321.37754322 -.00000209  00000-0  00000+0 0  9995
2 28626   0.0031  49.6688 0000065 253.5489 164.2435  1.00272806 46649
INMARSAT 4-F1           
1 28628U 05009A   17321.48174266 -.00000264  00000-0  00000+0 0  9994
2 28628   2.8987  14.1109 0003273 233.2102 126.3503  1.00271627 46259
APSTAR 6                
1 28638U 05012A   17321.42080587 -.00000322  00000-0  00000-0 0  9991
2 28638   0.0430  81.4322 0002605 170.8698  89.8408  1.00268483 70981
SPACEWAY 1              
1 28644U 05015A   17321.45404811 -.00000105  00000-0  00000+0 0  9992
2 28644   0.0267 173.5220 0000352 264.3781  39.3390  1.00270803 46099
DIRECTV 8               
1 28659U 05019A   17321.12348093 -.00000119  00000-0  00000-0 0  9991
2 28659   0.0124 307.4464 0003013 300.0532 112.4936  1.00272397 45722
GALAXY 28 (G-28)        
1 28702U 05022A   17321.82132473 -.00000187  00000-0  00000+0 0  9998
2 28702   0.0235 290.6406 0000289 175.2077 157.8800  1.00270480 45400
EXPRESS-AM3             
1 28707U 05023A   17321.75536249 -.00000324  00000-0  00000+0 0  9998
2 28707   0.0068 303.3224 0001638  16.4062 112.1998  1.00270402 45437
THAICOM 4               
1 28786U 05028A   17320.69722387 -.00000368  00000-0  00000-0 0  9991
2 28786   0.0178 298.9071 0002057 296.2947 191.2630  1.00272020 20848
GALAXY 14 (G-14)        
1 28790U 05030A   17321.85184873  .00000034  00000-0  00000+0 0  9998
2 28790   0.0161 335.7446 0002352 260.0276   3.0060  1.00273333 44888
ANIK F1R                
1 28868U 05036A   17321.48466293 -.00000078  00000-0  00000+0 0  9997
2 28868   0.0446  83.3212 0000875 237.7640 162.8692  1.00271860 44733
GALAXY 15 (G-15)        
1 28884U 05041A   17321.71716010  .00000076  00000-0  00000+0 0  9999
2 28884   0.0118  30.7499 0002481 215.0750 296.3290  1.00270558 44208
SYRACUSE 3A             
1 28885U 05041B   17321.14285387  .00000124  00000-0  00000-0 0  9990
2 28885   0.0212 316.4227 0003115 284.9776 273.4878  1.00276824 44339
INMARSAT 4-F2           
1 28899U 05044A   17320.70503442  .00000005  00000-0  00000+0 0  9991
2 28899   2.6069  14.1736 0003206 241.6298 117.8832  1.00272933 44078
TELKOM 2                
1 28902U 05046A   17321.47841691 -.00000141  00000-0  00000-0 0  9997
2 28902   0.0254 123.3750 0000887 259.9854   2.6083  1.00271077 44013
SPACEWAY 2              
1 28903U 05046B   17321.30831497 -.00000130  00000-0  00000+0 0  9990
2 28903   0.0079  82.9299 0000189 279.0046  66.5618  1.00271803 44074
INSAT-4A                
1 28911U 05049A   17320.61407477 -.00000170  00000-0  00000+0 0  9996
2 28911   0.0381 266.4924 0006149 349.5054 103.9584  1.00271409 43661
METEOSAT-9 (MSG-2)      
1 28912U 05049B   17321.15936824  .00000062  00000-0  00000+0 0  9999
2 28912   2.5034  71.4561 0001966 245.0310 167.0437  1.00281631 43657
EUTELSAT 172A (GE-23)   
1 28924U 05052A   17321.47882854 -.00000009  00000-0  00000-0 0  9997
2 28924   0.0884  46.9220 0006008 192.4039 161.7971  1.00271332 20926
ECHOSTAR 10             
1 28935U 06003A   17321.43521306 -.00000059  00000-0  00000+0 0  9998
2 28935   0.0583  92.1270 0001400 100.7650 270.2686  1.00272109 43099
HIMAWARI-7 (MTSAT-2)    
1 28937U 06004A   17321.55663021 -.00000245  00000-0  00000-0 0  9993
2 28937   0.0366 280.5352 0003664 317.8446 163.8279  1.00274657 43053
SPAINSAT                
1 28945U 06007A   17320.92714180 -.00000220  00000-0  00000+0 0  9990
2 28945   0.0252 242.4005 0005744 353.9469 123.6226  1.00273675 42802
EUTELSAT HOT BIRD 13E   
1 28946U 06007B   17320.80810584  .00000082  00000-0  00000-0 0  9999
2 28946   0.0413 130.4897 0005585  93.0464 136.4443  1.00273448 42875
JCSAT-5A                
1 29045U 06010A   17321.44806243 -.00000331  00000-0  00000-0 0  9990
2 29045   0.0321  94.0260 0002162 170.6927  85.3315  1.00270038 42352
ASTRA 1KR               
1 29055U 06012A   17321.51993553  .00000117  00000-0  00000+0 0  9992
2 29055   0.0513 277.0064 0005257 322.4046  23.7598  1.00274514 42327
GOES 13                 
1 29155U 06018A   17321.05066764 -.00000255  00000-0  00000+0 0  9997
2 29155   0.1716 104.7590 0001557 344.2354 271.0484  1.00273779 42095
EUTELSAT 113 WEST A     
1 29162U 06020A   17321.15707554 -.00000041  00000-0  00000+0 0  9991
2 29162   0.0240  71.5260 0002939 165.7515 122.6941  1.00269655 42041
THAICOM 5               
1 29163U 06020B   17321.44907095 -.00000124  00000-0  00000+0 0  9998
2 29163   0.0159 284.0495 0005848 339.3546  33.4830  1.00270494 42103
GALAXY 16 (G-16)        
1 29236U 06023A   17321.83726485 -.00000129  00000-0  00000+0 0  9992
2 29236   0.0321  96.7880 0002331 124.7181  38.0110  1.00271752 41846
EUTELSAT HOT BIRD 13B   
1 29270U 06032A   17321.21536956  .00000083  00000-0  00000-0 0  9993
2 29270   0.0704   4.0967 0003799 261.2126 241.6943  1.00273580 15907
JCSAT-3A                
1 29272U 06033A   17321.44806243 -.00000348  00000-0  00000+0 0  9994
2 29272   0.0153 318.0677 0001909 298.8966  89.0336  1.00267597 41339
SYRACUSE 3B             
1 29273U 06033B   17321.23608326 -.00000047  00000-0  00000+0 0  9990
2 29273   0.0164 357.9776 0003935 256.6817 241.6305  1.00271476 41324
KOREASAT 5 (MUGUNGWHA 5)
1 29349U 06034A   17321.51226709 -.00000361  00000-0  00000-0 0  9997
2 29349   0.0217  38.1014 0000593 211.6516 104.4820  1.00269728  9895
ZHONGXING-22A           
1 29398U 06038A   17321.79064563 -.00000318  00000-0  00000+0 0  9994
2 29398   6.0490  56.8206 0009894 193.1760 193.2759  1.00249359 40997
DIRECTV 9S              
1 29494U 06043A   17321.49007644 -.00000117  00000-0  00000+0 0  9998
2 29494   0.0063 242.3928 0003047 359.6782 250.0090  1.00271906 40683
OPTUS D1                
1 29495U 06043B   17321.56873506 -.00000113  00000-0  00000-0 0  9992
2 29495   0.0053 321.5828 0003305 275.1166 184.8950  1.00272908 40690
XM-4 (BLUES)            
1 29520U 06049A   17320.57757566 -.00000029  00000-0  00000+0 0  9999
2 29520   0.0049  91.9156 0000269 255.2147 161.3965  1.00271975 40565
BADR-4                  
1 29526U 06051A   17321.58310042  .00000142  00000-0  00000+0 0  9999
2 29526   0.0585 321.4385 0004438 312.9676  18.3713  1.00268984 40468
FENGYUN 2D              
1 29640U 06053A   17321.64348384 -.00000363  00000-0  10000-3 0  9996
2 29640   4.7316  63.5794 0007892 315.1166  33.5168  1.00279073 40130
WILDBLUE-1              
1 29643U 06054A   17320.57271332 -.00000055  00000-0  00000+0 0  9992
2 29643   0.0175  99.4831 0001512 139.8694 271.4898  1.00271404 40116
AMC-18                  
1 29644U 06054B   17321.80046035 -.00000091  00000-0  00000+0 0  9990
2 29644   0.0286  68.2505 0003032 193.0432 338.9603  1.00269966 40138
MEASAT-3                
1 29648U 06056A   17321.39493727 -.00000246  00000-0  00000-0 0  9997
2 29648   0.0561 112.2798 0002140  80.7548  97.2924  1.00274177 19048
INSAT-4B                
1 30793U 07007A   17321.96184447 -.00000317  00000-0  00000+0 0  9994
2 30793   0.0389  83.6335 0000385  15.8747  42.0671  1.00434068 39143
SKYNET 5A               
1 30794U 07007B   17321.52409089 -.00000275  00000-0  00000-0 0  9993
2 30794   0.0694 358.2424 0004677 241.5431 100.8654  1.00274093 39277
ANIK F3                 
1 31102U 07009A   17321.61331420 -.00000003  00000-0  00000-0 0  9991
2 31102   0.0265  74.0931 0001365 151.1986 293.6303  1.00269960 15142
ASTRA 1L                
1 31306U 07016A   17321.51507637  .00000117  00000-0  00000+0 0  9993
2 31306   0.0662 303.6343 0004659 325.4101 352.3700  1.00274535 38616
GALAXY 17 (G-17)        
1 31307U 07016B   17321.82132473 -.00000177  00000-0  00000+0 0  9997
2 31307   0.0267 338.6836 0003009 267.6312  15.4556  1.00271786 38657
ZHONGXING-6B            
1 31800U 07031A   17321.51226709 -.00000365  00000-0  00000-0 0  9994
2 31800   0.0134 300.4639 0003911 299.1125 117.1591  1.00271480 38010
DIRECTV 10              
1 31862U 07032A   17321.12906921 -.00000106  00000-0  00000-0 0  9994
2 31862   0.0049  20.6580 0000059  98.1510 241.2167  1.00269726 14218
SPACEWAY 3              
1 32018U 07036A   17321.83726485 -.00000154  00000-0  00000+0 0  9997
2 32018   0.0031  42.8701 0000408  28.3789 192.3225  1.00271665 37700
BSAT-3A                 
1 32019U 07036B   17320.53967296 -.00000356  00000-0  00000-0 0  9996
2 32019   0.0522 239.5498 0004712 353.8066 126.6246  1.00271635 19070
INSAT-4CR               
1 32050U 07037A   17321.14285387  .00000121  00000-0  00000+0 0  9992
2 32050   0.0066 218.3958 0002645  20.6716 276.6234  1.00272886 37429
OPTUS D2                
1 32252U 07044A   17321.41160562 -.00000187  00000-0  00000-0 0  9995
2 32252   0.0324  96.7390 0003394 138.4222 121.6963  1.00271074 37145
INTELSAT 11 (IS-11)     
1 32253U 07044B   17321.21438123 -.00000272  00000-0  00000+0 0  9999
2 32253   0.0227 242.8608 0001323   7.0208 200.7871  1.00272774 37100
STAR ONE C1             
1 32293U 07056A   17321.02418502 -.00000281  00000-0  00000-0 0  9995
2 32293   0.0410  96.7160 0002676 143.9221 119.3600  1.00271052 20367
SKYNET 5B               
1 32294U 07056B   17321.34976562  .00000139  00000-0  00000-0 0  9997
2 32294   0.0718 351.9778 0003959 239.5226 336.1694  1.00274755 36780
ASTRA 4A (SIRIUS 4)     
1 32299U 07057A   17321.22688171  .00000029  00000-0  00000-0 0  9994
2 32299   0.0269  33.9919 0002638 207.4104 261.5705  1.00272908 20282
HORIZONS-2              
1 32388U 07063B   17321.78786652 -.00000185  00000-0  00000+0 0  9997
2 32388   0.0175 337.1986 0002372 269.9763 178.3505  1.00273184 36466
THURAYA-3               
1 32404U 08001A   17320.76772209 -.00000312  00000-0  00000+0 0  9991
2 32404   3.9952 355.4730 0004549 236.9295 198.5192  1.00273225 36105
EXPRESS-AM33            
1 32478U 08003A   17321.39493727 -.00000284  00000-0  00000+0 0  9997
2 32478   0.0220 283.8613 0000369  22.9412 348.5251  1.00271512 36184
THOR 5                  
1 32487U 08006A   17321.23170910 -.00000013  00000-0  00000+0 0  9999
2 32487   0.0129 117.4654 0002441 135.3201 246.3766  1.00273149 35753
KIZUNA (WINDS)          
1 32500U 08007A   17321.37132618 -.00000262  00000-0  00000+0 0  9990
2 32500   1.1555  89.3306 0002528 155.7688  88.2103  1.00270104 35606
AMC-14                  
1 32708U 08011A   17320.95879228  .00000090  00000-0  00000+0 0  9991
2 32708  19.3919  60.5645 0032516 353.3637   5.4468  1.00273879 36662
DIRECTV 11              
1 32729U 08013A   17321.47634657 -.00000129  00000-0  00000+0 0  9993
2 32729   0.0074  96.3433 0000258 348.2528  44.4462  1.00271236 35511
ICO G1                  
1 32763U 08016A   17321.61447306 -.00000179  00000-0  00000-0 0  9999
2 32763   3.7812 356.9790 0002940 252.5718 295.6999  1.00271842 35167
VINASAT-1               
1 32767U 08018A   17320.47863568 -.00000334  00000-0  00000-0 0  9993
2 32767   0.0131 352.2996 0001531 255.2257 112.4827  1.00273726 35197
STAR ONE C2             
1 32768U 08018B   17321.03803823 -.00000269  00000-0  00000+0 0  9991
2 32768   0.0537 116.1307 0002440  89.1796 154.7025  1.00271094 35121
TIANLIAN 1-01           
1 32779U 08019A   17321.01394744 -.00000142  00000-0  10000-3 0  9994
2 32779   2.8619  75.2154 0035942 227.0613 199.0479  1.00271601 35043
AMOS-3                  
1 32794U 08022A   17321.16148029 -.00000039  00000-0  00000-0 0  9995
2 32794   0.0108 121.3360 0002063 108.5537 240.5556  1.00269691 50963
GALAXY 18 (G-18)        
1 32951U 08024A   17321.18483846  .00000021  00000-0  00000-0 0  9993
2 32951   0.0197 272.4018 0002895 332.4994 115.0687  1.00271626 14470
CHINASAT 9 (ZX 9)       
1 33051U 08028A   17320.64389058 -.00000252  00000-0  00000+0 0  9995
2 33051   0.0113 283.8743 0003875 311.5135 144.4990  1.00269289 34584
SKYNET 5C               
1 33055U 08030A   17321.35226851 -.00000143  00000-0  00000-0 0  9992
2 33055   0.0639   9.7121 0003940 226.2031 289.7067  1.00272472 34537
TURKSAT 3A              
1 33056U 08030B   17321.14787351  .00000142  00000-0  00000-0 0  9995
2 33056   0.0825  90.2175 0003414 131.1586 290.2530  1.00271985 20933
INTELSAT 25 (IS-25)     
1 33153U 08034A   17320.93137164 -.00000228  00000-0  00000-0 0  9990
2 33153   0.0133 267.9663 0002509   2.9930  89.0369  1.00270829 34328
BADR-6                  
1 33154U 08034B   17321.15254406  .00000141  00000-0  00000-0 0  9998
2 33154   0.0668  47.6814 0001484 221.4645 228.1493  1.00274464 34339
ECHOSTAR 11             
1 33207U 08035A   17321.14881387 -.00000061  00000-0  00000+0 0  9992
2 33207   0.0137  85.0506 0002688 167.5062 107.4139  1.00270736 34236
SUPERBIRD-C2            
1 33274U 08038A   17321.52882997 -.00000254  00000-0  00000-0 0  9994
2 33274   0.0182 293.1489 0001535 284.6337 173.3323  1.00273286 74300
AMC-21                  
1 33275U 08038B   17321.85184873  .00000034  00000-0  00000+0 0  9993
2 33275   0.0545  87.4067 0002478 170.8314 340.6482  1.00273648 34042
INMARSAT 4-F3           
1 33278U 08039A   17321.59520894 -.00000143  00000-0  00000+0 0  9997
2 33278   3.0274   2.9660 0002985 238.2491 291.9390  1.00271760 33842
NIMIQ 4                 
1 33373U 08044A   17321.81646556 -.00000223  00000-0  00000+0 0  9997
2 33373   0.0128 329.9353 0002151 271.8839  27.2100  1.00272085 33411
GALAXY 19 (G-19)        
1 33376U 08045A   17321.11282599 -.00000143  00000-0  00000+0 0  9998
2 33376   0.0196 272.7393 0002766 324.2746 122.9595  1.00269757 33413
VENESAT-1               
1 33414U 08055A   17321.54837674 -.00000241  00000-0  00000-0 0  9999
2 33414   0.0071 287.5296 0003727 327.6407 281.0704  1.00273034 33268
ASTRA 1M                
1 33436U 08057A   17321.58310042  .00000117  00000-0  00000+0 0  9994
2 33436   0.0052   9.8309 0003311 177.5936  98.5453  1.00272644 33054
CIEL-2                  
1 33453U 08063A   17321.48654531  .00000055  00000-0  00000-0 0  9995
2 33453   0.0182 293.5715 0003038 313.1397 216.3449  1.00273104 32747
EUTELSAT HOT BIRD 13C   
1 33459U 08065A   17320.80812187  .00000082  00000-0  00000-0 0  9991
2 33459   0.0809  66.3324 0002714 146.3073 147.3680  1.00273580 15949
EUTELSAT 48D            
1 33460U 08065B   17321.14588762  .00000120  00000-0  00000-0 0  9993
2 33460   0.0807  61.0567 0002036 183.9736 271.9830  1.00273127 32598
FENGYUN 2E              
1 33463U 08066A   17321.27201938 -.00000202  00000-0  00000+0 0  9999
2 33463   2.4709  68.1884 0004889 230.1544 302.2205  1.00280749 32668
EXPRESS-AM44            
1 33595U 09007A   17321.05813235 -.00000093  00000-0  00000-0 0  9995
2 33595   0.0102 326.3508 0000995 326.6142 133.2908  1.00271623 32131
NSS-9                   
1 33749U 09008A   17321.59194602  .00000069  00000-0  00000-0 0  9998
2 33749   0.0214 327.5174 0001913 261.4498 224.0638  1.00270970 32109
EUTELSAT 33E            
1 33750U 09008B   17321.51021424  .00000152  00000-0  00000-0 0  9996
2 33750   0.0490  70.1778 0004737 160.9340  42.4324  1.00269903 32034
TELSTAR 11N             
1 34111U 09009A   17321.76712578 -.00000253  00000-0  00000+0 0  9995
2 34111   0.0109 298.6240 0002313 271.2888  85.7226  1.00271317 31992
EUTELSAT 10A            
1 34710U 09016A   17321.51993553  .00000065  00000-0  00000-0 0  9996
2 34710   0.0674 354.6788 0005345 244.0606  15.2342  1.00269985  9831
SES-7 (PROTOSTAR 2)     
1 34941U 09027A   17321.39004227 -.00000349  00000-0  00000-0 0  9997
2 34941   0.0456  88.3086 0002300 169.8449  47.1695  1.00272718 31214
MEASAT-3A               
1 35362U 09032A   17320.59058736 -.00000248  00000-0  00000-0 0  9994
2 35362   0.0377 173.9686 0003128  68.1203 117.9039  1.00272321 30812
GOES 14                 
1 35491U 09033A   17321.13290334 -.00000098  00000-0  00000+0 0  9993
2 35491   0.2186 275.5833 0010640 314.8719 129.4759  1.00272257 30734
SIRIUS FM-5             
1 35493U 09034A   17321.21504294 -.00000204  00000-0  00000+0 0  9997
2 35493   0.0141 308.1486 0000990  80.6399  18.9682  1.00272371 30555
TERRESTAR-1             
1 35496U 09035A   17321.11656720 -.00000064  00000-0  00000-0 0  9997
2 35496   2.7828 347.7564 0003185 255.5107 104.0693  1.00272287 30751
ASIASAT 5               
1 35696U 09042A   17320.64770637 -.00000312  00000-0  00000+0 0  9993
2 35696   0.0138 232.0401 0001080 333.7918 183.7115  1.00267350 30247
JCSAT-RA (JCSAT-12)     
1 35755U 09044A   17320.48979372 -.00000351  00000-0  00000+0 0  9993
2 35755   0.0844  75.2909 0000721 140.5983 144.1302  1.00273978 30235
OPTUS D3                
1 35756U 09044B   17321.47838642 -.00000150  00000-0  00000-0 0  9996
2 35756   0.0508  56.4547 0002692 194.2625 134.2567  1.00272776 30148
PALAPA D                
1 35812U 09046A   17320.53120898 -.00000364  00000-0  00000-0 0  9991
2 35812   0.0124 358.1444 0002118 273.2645  88.5669  1.00271604 30240
NIMIQ 5                 
1 35873U 09050A   17321.35306814 -.00000260  00000-0  00000+0 0  9992
2 35873   0.0163 310.7861 0002274 300.1278 220.0640  1.00267219 29935
AMAZONAS 2              
1 35942U 09054A   17321.54351962 -.00000285  00000-0  00000-0 0  9996
2 35942   0.0202 122.9976 0003167  60.7362   7.6994  1.00271823 29770
COMSATBW-1              
1 35943U 09054B   17321.20236882  .00000021  00000-0  00000-0 0  9990
2 35943   0.0212  55.8066 0002439 195.7126 300.7874  1.00268745 29889
NSS-12                  
1 36032U 09058A   17321.68350262  .00000068  00000-0  00000+0 0  9995
2 36032   0.0214  28.1218 0002273 204.0392 127.8441  1.00272710 29524
THOR 6                  
1 36033U 09058B   17321.59285458 -.00000013  00000-0  00000+0 0  9991
2 36033   0.0166 107.2228 0001495 127.9366  34.2506  1.00270479 29545
INTELSAT 14 (IS-14)     
1 36097U 09064A   17320.96878963 -.00000278  00000-0  00000+0 0  9990
2 36097   0.0152 300.8211 0002376 299.4370 119.7182  1.00270317 29283
EUTELSAT 36B            
1 36101U 09065A   17321.51021424  .00000152  00000-0  00000+0 0  9991
2 36101   0.0677 355.8805 0004206 246.6872  33.8160  1.00269154 29385
INTELSAT 15 (IS-15)     
1 36106U 09067A   17321.44907095 -.00000189  00000-0  00000-0 0  9999
2 36106   0.0341  70.1423 0002048 161.1788  72.2062  1.00271013  9888
DIRECTV 12              
1 36131U 09075A   17320.93799330 -.00000108  00000-0  00000+0 0  9990
2 36131   0.0210 187.3438 0000100  30.9779  72.7661  1.00272113 28959
BEIDOU G1               
1 36287U 10001A   17321.76148427 -.00000286  00000-0  00000+0 0  9997
2 36287   1.4833   9.7534 0003659 196.4867 264.9555  1.00271605 28759
RADUGA-1M 2             
1 36358U 10002A   17321.44907095 -.00000188  00000-0  00000-0 0  9998
2 36358   0.0181 277.5653 0001975  16.1764   9.6446  1.00272866 18683
SDO                     
1 36395U 10005A   17321.51044264 -.00000028  00000-0  00000+0 0  9992
2 36395  28.9385 137.6836 0001514  99.7263 261.4473  1.00272970 28616
INTELSAT 16 (IS-16)     
1 36397U 10006A   17321.21018285 -.00000248  00000-0  00000-0 0  9991
2 36397   0.0185 316.7286 0001827 273.7441 185.4688  1.00271547 28448
GOES 15                 
1 36411U 10008A   17321.21795238  .00000085  00000-0  00000+0 0  9997
2 36411   0.2010 272.3742 0004280 268.1268 179.5240  1.00262060 28267
ECHOSTAR 14             
1 36499U 10010A   17320.72198719 -.00000005  00000-0  00000-0 0  9996
2 36499   0.0184 286.9387 0002666 299.1986 330.8456  1.00271946 15154
SES-1                   
1 36516U 10016A   17321.83726485 -.00000117  00000-0  00000+0 0  9995
2 36516   0.0137 341.7895 0001790 257.2877  18.4348  1.00272271 27713
ASTRA 3B                
1 36581U 10021A   17321.34976562  .00000133  00000-0  00000-0 0  9990
2 36581   0.0504 311.7134 0002897 286.8804 327.4454  1.00271475 27450
COMSATBW-2              
1 36582U 10021B   17321.35462567  .00000085  00000-0  00000-0 0  9993
2 36582   0.0144 286.0419 0002084 333.3988 298.0328  1.00273438 27555
BEIDOU G3               
1 36590U 10024A   17321.17078684 -.00000359  00000-0  00000+0 0  9992
2 36590   1.4640  31.3733 0007673 303.1957 253.7989  1.00266011 27358
BADR-5                  
1 36592U 10025A   17321.58310042  .00000142  00000-0  00000+0 0  9996
2 36592   0.0145 269.6600 0004004 299.7321  83.3215  1.00271692 27477
COMS 1                  
1 36744U 10032A   17321.64228093 -.00000347  00000-0  00000+0 0  9992
2 36744   0.0164 112.1388 0000412 149.7813 154.4134  1.00269279 27233
ARABSAT-5A              
1 36745U 10032B   17321.51490275  .00000150  00000-0  00000-0 0  9994
2 36745   0.0542 352.4290 0003246 240.1339  40.1247  1.00275087 27221
ECHOSTAR 15             
1 36792U 10034A   17321.54351962 -.00000285  00000-0  00000-0 0  9990
2 36792   0.0449  90.4067 0001790 153.1452 307.2656  1.00273988 26948
NILESAT 201             
1 36830U 10037A   17321.28366462 -.00000061  00000-0  00000+0 0  9999
2 36830   0.0535 152.5606 0003329  72.7792 286.3461  1.00270617 26867
RASCOM-QAF 1R           
1 36831U 10037B   17320.83591412  .00000013  00000-0  00000+0 0  9991
2 36831   0.0170 334.5823 0005969 277.3505 108.0268  1.00269570 26864
CHINASAT 6A (ZX 6A)     
1 37150U 10042A   17321.64348384 -.00000357  00000-0  00000-0 0  9993
2 37150   0.0600 105.8374 0000813 165.1214 142.6486  1.00274590 26483
QZS-1 (MICHIBIKI)       
1 37158U 10045A   17321.45320715 -.00000096  00000-0  00000+0 0  9990
2 37158  40.9499 157.1033 0748863 270.1024 291.0699  1.00284485 26290
XM-5                    
1 37185U 10053A   17321.37754322 -.00000208  00000-0  00000-0 0  9991
2 37185   0.0169 312.3034 0001073  68.0278  86.9844  1.00269975 26073
BSAT-3B                 
1 37207U 10056B   17321.45719707 -.00000354  00000-0  00000-0 0  9998
2 37207   0.0551 310.0412 0004137 334.2749  46.8675  1.00270481 20810
BEIDOU G4               
1 37210U 10057A   17321.56873514 -.00000114  00000-0  00000-0 0  9996
2 37210   0.9532  55.9816 0007261 186.0945 179.5321  1.00271685 25877
SKYTERRA 1              
1 37218U 10061A   17321.04819715 -.00000126  00000-0  00000+0 0  9997
2 37218   3.0378 332.6720 0001751 221.2482 138.4315  1.00272839 25804
ZHONGXING-20A           
1 37234U 10064A   17319.82995506 -.00000345  00000-0  00000-0 0  9998
2 37234   0.0537 265.5010 0004677  27.8588 190.5518  1.00270490 25590
HYLAS 1                 
1 37237U 10065A   17321.83448810 -.00000236  00000-0  00000+0 0  9995
2 37237   0.0563  73.0012 0001408 160.4379  90.5375  1.00269759 25582
INTELSAT 17 (IS-17)     
1 37238U 10065B   17321.85254295 -.00000004  00000-0  00000+0 0  9993
2 37238   0.0122 244.9579 0003094 346.5175 198.5604  1.00271025 25500
EUTELSAT KA-SAT 9A      
1 37258U 10069A   17320.81922237  .00000057  00000-0  00000+0 0  9999
2 37258   0.0308 273.2657 0003257   3.9786  82.7435  1.00273684 25399
HISPASAT 1E             
1 37264U 10070A   17321.29284962 -.00000220  00000-0  00000+0 0  9990
2 37264   0.0637 104.8624 0003762 106.5627 280.5722  1.00271404 25248
KOREASAT 6              
1 37265U 10070B   17321.70682552 -.00000364  00000-0  00000+0 0  9993
2 37265   0.0456  95.3175 0001665 160.7389 171.3502  1.00269527 25268
INTELSAT NEW DAWN       
1 37392U 11016A   17321.51021424  .00000152  00000-0  00000-0 0  9994
2 37392   0.0142 239.7349 0001368  11.4395  22.0862  1.00273361 21883
YAHSAT 1A               
1 37393U 11016B   17321.59271215  .00000097  00000-0  00000-0 0  9996
2 37393   0.0144 338.8171 0002011 267.4372  76.4950  1.00274715 10988
TELSTAR 14R             
1 37602U 11021A   17321.78938248 -.00000282  00000-0  00000+0 0  9998
2 37602   0.0189 321.2488 0002726 339.6214 337.3410  1.00271202 24362
GSAT-8                  
1 37605U 11022A   17321.59256074  .00000081  00000-0  00000-0 0  9998
2 37605   0.0276 271.8168 0007823 342.4125  71.0247  1.00272707 21798
ST-2                    
1 37606U 11022B   17321.44872375 -.00000214  00000-0  00000+0 0  9999
2 37606   0.0092 322.6917 0001276 280.4621  63.0805  1.00269864 23827
CHINASAT 10 (ZX 10)     
1 37677U 11026A   17321.45719707 -.00000356  00000-0  00000-0 0  9999
2 37677   0.0638 271.3875 0003336 292.8267 127.6179  1.00271280 23541
TIANLIAN 1-02           
1 37737U 11032A   17321.30952170  .00000025  00000-0  00000-0 0  9992
2 37737   2.8986  76.6927 0010073 177.7684  90.2731  1.00271304 23296
GSAT-12                 
1 37746U 11034A   17321.44907095 -.00000169  00000-0  00000+0 0  9994
2 37746   0.0137 297.7291 0004550 180.3179 183.3735  1.00272131 23530
SES-3                   
1 37748U 11035A   17321.49007644 -.00000105  00000-0  00000-0 0  9994
2 37748   0.0503  89.2933 0001742 137.6075 263.2800  1.00272407 23195
KAZSAT-2                
1 37749U 11035B   17321.78741510 -.00000200  00000-0  00000+0 0  9999
2 37749   0.0140 269.1237 0001406  32.5357 125.3700  1.00271202 23157
ASTRA 1N                
1 37775U 11041A   17321.51993553  .00000117  00000-0  00000-0 0  9999
2 37775   0.0529  26.5775 0000410 284.6334 311.9700  1.00273703 13114
BSAT-3C (JCSAT-110R)    
1 37776U 11041B   17321.45719707 -.00000354  00000-0  00000-0 0  9994
2 37776   0.0534  98.5193 0000474 275.5299 317.2424  1.00270711 19072
PAKSAT-1R               
1 37779U 11042A   17321.50934620  .00000151  00000-0  00000+0 0  9990
2 37779   0.0267 253.7043 0003252   0.7641  23.6560  1.00273804 22858
CHINASAT 1A (ZX 1A)     
1 37804U 11047A   17321.44806243 -.00000341  00000-0  00000+0 0  9998
2 37804   0.0727  89.2121 0003005 222.2580  36.4056  1.00271978 22656
COSMOS 2473             
1 37806U 11048A   17320.88144330 -.00000112  00000-0  00000-0 0  9997
2 37806   0.0526  98.3008 0003094 171.6392  90.0493  1.00272252 22619
SES-2                   
1 37809U 11049A   17321.55323939 -.00000199  00000-0  00000+0 0  9994
2 37809   0.0352  62.3783 0001864 183.6498 282.9730  1.00271994 22598
ARABSAT-5C              
1 37810U 11049B   17321.51993553  .00000120  00000-0  00000+0 0  9990
2 37810   0.0653  14.9932 0002862 220.6609  28.3056  1.00273598 22481
EUTELSAT 7 WEST A       
1 37816U 11051A   17320.86429323 -.00000065  00000-0  00000-0 0  9995
2 37816   0.0760  40.9753 0005920 180.1268 138.8777  1.00272981 22487
QUETZSAT 1              
1 37826U 11054A   17321.81157069 -.00000244  00000-0  00000+0 0  9998
2 37826   0.0184 342.6571 0002041 241.1194  48.4617  1.00272180 22676
INTELSAT 18 (IS-18)     
1 37834U 11056A   17321.40170840  .00000050  00000-0  00000-0 0  9991
2 37834   0.0147 292.2781 0001921 313.5372 135.4849  1.00275068 22510
EUTELSAT 16A            
1 37836U 11057A   17321.14332823  .00000100  00000-0  00000+0 0  9991
2 37836   0.0680  11.8062 0004900 234.7924 237.4037  1.00272628 22362
VIASAT-1                
1 37843U 11059A   17321.38726594 -.00000027  00000-0  00000-0 0  9999
2 37843   0.0216 291.7711 0002310 298.0787 211.0888  1.00270229 15907
ASIASAT 7               
1 37933U 11069A   17321.52460176 -.00000336  00000-0  00000+0 0  9999
2 37933   0.0138 316.1218 0001048 240.2537 154.7573  1.00267682 22038
LUCH 5A                 
1 37951U 11074B   17321.81882302 -.00000045  00000-0  00000+0 0  9993
2 37951   1.6301 166.8632 0003599  88.9860 262.9238  1.00271894 21765
NIGCOMSAT 1R            
1 38014U 11077A   17321.50532219  .00000142  00000-0  00000+0 0  9999
2 38014   0.0137  80.6515 0000692 162.6420  37.8709  1.00271487 21605
FENGYUN 2F              
1 38049U 12002A   17321.14010053 -.00000361  00000-0  00000-0 0  9998
2 38049   2.0224  78.2677 0003280 240.0616 260.5283  1.00270017 21462
SES-4                   
1 38087U 12007A   17321.16577104 -.00000173  00000-0  00000+0 0  9992
2 38087   0.0328 315.0333 0002220 278.4288 220.5949  1.00269984 21063
BEIDOU G5               
1 38091U 12008A   17321.14805211  .00000053  00000-0  00000+0 0  9995
2 38091   1.9189  58.3763 0005578 225.0224 245.0482  1.00268783 21053
INTELSAT 22 (IS-22)     
1 38098U 12011A   17320.84629243 -.00000064  00000-0  00000+0 0  9994
2 38098   0.0142 331.6008 0002400 261.6427 199.6358  1.00271834 20629
APSTAR 7                
1 38107U 12013A   17321.07638831 -.00000106  00000-0  00000-0 0  9994
2 38107   0.0059 342.3350 0002682 255.3228 282.6928  1.00271560 20742
YAHSAT 1B               
1 38245U 12016A   17320.71228492  .00000121  00000-0  00000-0 0  9994
2 38245   0.0103 310.4396 0001389 317.0820  92.4625  1.00272083 14204
JCSAT-13                
1 38331U 12023A   17321.49784828 -.00000360  00000-0  00000-0 0  9990
2 38331   0.0161  61.6841 0002749 190.4702 107.8157  1.00270807 20106
VINASAT-2               
1 38332U 12023B   17321.44806243 -.00000332  00000-0  00000-0 0  9991
2 38332   0.0125 315.3761 0001849 275.6861 118.7768  1.00269887 15232
NIMIQ 6                 
1 38342U 12026A   17321.09657774 -.00000178  00000-0  00000+0 0  9996
2 38342   0.0125 313.1402 0002734 286.5078 120.3500  1.00272260 20177
CHINASAT 2A (ZX 2A)     
1 38352U 12028A   17321.77912359 -.00000295  00000-0  00000+0 0  9997
2 38352   0.0648  95.4863 0004896 234.4100 105.8956  1.00270908 20224
INTELSAT 19 (IS-19)     
1 38356U 12030A   17321.38147082 -.00000060  00000-0  00000-0 0  9995
2 38356   0.0325  60.9698 0002984 176.2819 122.7448  1.00272605 19047
ECHOSTAR 17             
1 38551U 12035A   17321.14084864 -.00000079  00000-0  00000-0 0  9999
2 38551   0.0204 283.3999 0002003 306.0574 130.5253  1.00269696 19652
METEOSAT-10 (MSG-3)     
1 38552U 12035B   17320.84532094 -.00000013  00000-0  00000+0 0  9996
2 38552   0.8423  11.5400 0001379 249.0247  99.4435  1.00272350 19791
SES-5                   
1 38652U 12036A   17321.22688171  .00000030  00000-0  00000-0 0  9998
2 38652   0.0477 271.7213 0001678 336.7780 254.6479  1.00272231 13080
TIANLIAN 1-03           
1 38730U 12040A   17320.81492656  .00000067  00000-0  00000-0 0  9995
2 38730   0.1133 268.6879 0002741 299.0129 152.3095  1.00271336 17290
INTELSAT 20 (IS-20)     
1 38740U 12043A   17321.85254295 -.00000027  00000-0  00000+0 0  9995
2 38740   0.0254 115.5494 0002220  78.7459 238.2370  1.00273800 19411
HYLAS 2                 
1 38741U 12043B   17320.75820618  .00000149  00000-0  00000-0 0  9997
2 38741   0.0172 295.9783 0001509 292.0741 131.9347  1.00269716 19345
INTELSAT 21 (IS-21)     
1 38749U 12045A   17321.00480887 -.00000289  00000-0  00000+0 0  9991
2 38749   0.0116 280.1571 0002070 314.0699 125.7787  1.00271481 19210
ASTRA 2F                
1 38778U 12051A   17320.76599246  .00000145  00000-0  00000-0 0  9993
2 38778   0.0547 231.0043 0004179 357.5597 131.4246  1.00272402  9745
GSAT-10                 
1 38779U 12051B   17320.61429051 -.00000171  00000-0  00000-0 0  9994
2 38779   0.1257  96.8569 0001056 172.2768  90.8785  1.00272125 18690
INTELSAT 23 (IS-23)     
1 38867U 12057A   17320.99093331 -.00000289  00000-0  00000-0 0  9997
2 38867   0.0162 265.7275 0001731 339.0749 115.2046  1.00272378 18585
BEIDOU G6               
1 38953U 12059A   17321.84569936 -.00000177  00000-0  00000+0 0  9994
2 38953   1.9679  79.8541 0006907 173.5514 192.1717  1.00270587 18630
LUCH 5B                 
1 38977U 12061A   17321.69732781 -.00000133  00000-0  00000+0 0  9998
2 38977   3.8471  73.4916 0003346 195.8811  22.2853  1.00273719 18751
YAMAL 300K              
1 38978U 12061B   17321.39702020  .00000068  00000-0  00000-0 0  9996
2 38978   0.0112 284.4122 0001083 279.0913 179.0312  1.00272139 18217
STAR ONE C3             
1 38991U 12062A   17321.24199885 -.00000252  00000-0  00000-0 0  9991
2 38991   0.0396  51.7554 0002195 189.0600 187.7990  1.00269806 18347
EUTELSAT 21B            
1 38992U 12062B   17320.78433429  .00000125  00000-0  00000-0 0  9993
2 38992   0.0682  11.5974 0002533 236.4700 111.9301  1.00272238 18427
ECHOSTAR 16             
1 39008U 12065A   17321.01452618 -.00000286  00000-0  00000-0 0  9992
2 39008   0.0195 290.4047 0002015 302.0009 127.5761  1.00269064 18214
CHINASAT 12 (ZX 12)     
1 39017U 12067A   17321.44907095 -.00000211  00000-0  00000-0 0  9993
2 39017   0.0165   6.6213 0002643 231.3053  67.9617  1.00272070 18086
EUTELSAT 70B            
1 39020U 12069A   17321.64618137 -.00000046  00000-0  00000+0 0  9992
2 39020   0.0645  14.4124 0003148 228.3578 117.2232  1.00272196 18193
YAMAL 402               
1 39022U 12070A   17321.85743775  .00000083  00000-0  10000-3 0  9991
2 39022   0.0087 317.2718 0003002 298.9449 164.4790  1.00273281 18185
SKYNET 5D               
1 39034U 12075A   17321.59271215  .00000096  00000-0  00000-0 0  9995
2 39034   0.0726   2.2324 0003780 231.0776  89.6502  1.00272924 17749
MEXSAT 3                
1 39035U 12075B   17320.16487827 -.00000032  00000-0  00000-0 0  9997
2 39035   0.0056 133.4794 0002373 111.3277 115.1683  1.00270820 17745
TDRS 11                 
1 39070U 13004A   17321.22946781  .00000086  00000-0  00000+0 0  9993
2 39070   5.1945 328.5795 0011228 294.1460  65.5792  1.00281661 17562
AMAZONAS 3              
1 39078U 13006A   17321.01297444 -.00000287  00000-0  00000-0 0  9990
2 39078   0.0404 138.6755 0005335  95.9425 125.3570  1.00271755 13467
AZERSPACE 1             
1 39079U 13006B   17321.71401351  .00000131  00000-0  00000+0 0  9998
2 39079   0.0144  70.8609 0001765 193.8836  95.2353  1.00270478 17516
EUTELSAT 117 WEST A     
1 39122U 13012A   17321.16759925 -.00000017  00000-0  00000+0 0  9990
2 39122   0.0164 319.5514 0003034 285.2105 115.2317  1.00273325 17046
ANIK G1                 
1 39127U 13014A   17321.14137755 -.00000078  00000-0  00000+0 0  9993
2 39127   0.0149 298.2936 0002325 291.1758 130.5104  1.00269083 16833
CHINASAT 11 (ZX 11)     
1 39157U 13020A   17320.56299163 -.00000297  00000-0  00000-0 0  9994
2 39157   0.0128 182.2559 0003489  97.2859  76.9458  1.00268982 16714
EUTELSAT 7B             
1 39163U 13022A   17320.82475379  .00000043  00000-0  00000-0 0  9995
2 39163   0.0629  55.3601 0003640 269.4166  35.2241  1.00273226 16566
SES-6                   
1 39172U 13026A   17320.95628241 -.00000266  00000-0  00000+0 0  9998
2 39172   0.0285 320.1003 0002034 274.1629 125.7428  1.00270768 16308
IRNSS-1A                
1 39199U 13034A   17318.01138791  .00000123  00000-0  00000+0 0  9997
2 39199  29.0661 112.4516 0020147 176.3590 183.6435  1.00269911 16187
ALPHASAT                
1 39215U 13038A   17320.85028298  .00000133  00000-0  00000-0 0  9997
2 39215   1.8101  27.7818 0001503 206.9979 152.3168  1.00274734 12622
INSAT-3D                
1 39216U 13038B   17321.61409347 -.00000158  00000-0  00000+0 0  9998
2 39216   0.0275  67.1231 0001203 202.2443  90.6189  1.00269363 15885
EUTELSAT 25B            
1 39233U 13044A   17320.77351439  .00000138  00000-0  00000-0 0  9996
2 39233   0.0501 357.1368 0001751 233.3491 129.5233  1.00269627 15217
GSAT-7                  
1 39234U 13044B   17320.63909808 -.00000083  00000-0  00000-0 0  9991
2 39234   0.0676 107.6754 0004625 155.2113  97.0852  1.00272903 13938
AMOS-4                  
1 39237U 13045A   17320.66398309  .00000002  00000-0  00000-0 0  9996
2 39237   0.0071 209.5265 0001815  54.8745  95.5783  1.00270852 15537
ASTRA 2E                
1 39285U 13056A   17320.76510824  .00000145  00000-0  00000+0 0  9997
2 39285   0.0576 355.4714 0002372 238.0642 126.4671  1.00275189 15168
SIRIUS FM-6             
1 39360U 13058A   17321.16592967 -.00000021  00000-0  00000+0 0  9990
2 39360   0.0186 300.2426 0000489 206.2202 213.5655  1.00272602 14923
RADUGA-1M 3             
1 39375U 13062A   17320.83986235 -.00000043  00000-0  00000+0 0  9993
2 39375   0.0057 225.7334 0003801  43.8089 158.8990  1.00271279 14702
SES-8                   
1 39460U 13071A   17320.58103005 -.00000276  00000-0  00000-0 0  9995
2 39460   0.0180 278.1606 0000924 270.8770 170.9852  1.00272885 13097
INMARSAT 5-F1           
1 39476U 13073A   17320.94285449  .00000023  00000-0  00000+0 0  9995
2 39476   0.0184 290.0205 0000438  55.7425 112.4764  1.00271747 14509
TKSAT-1 (TUPAC KATARI)  
1 39481U 13075A   17321.55323939 -.00000198  00000-0  00000+0 0  9992
2 39481   0.0052  59.3048 0001267 191.2715 278.2263  1.00273179 14426
EXPRESS-AM5             
1 39487U 13077A   17320.74979694 -.00000285  00000-0  00000+0 0  9992
2 39487   0.0031 332.3441 0001114 358.9802 134.6385  1.00270365 14941
GSAT-14                 
1 39498U 14001A   17321.59102001 -.00000080  00000-0  00000+0 0  9999
2 39498   0.0077 236.6454 0001475 304.7203 162.1991  1.00272217 14157
THAICOM 6               
1 39500U 14002A   17321.44907095 -.00000125  00000-0  00000-0 0  9995
2 39500   0.0668 115.4439 0002600  77.7188 103.6759  1.00273795 14024
TDRS 12                 
1 39504U 14004A   17320.89034480 -.00000283  00000-0  00000+0 0  9992
2 39504   5.8128 335.9684 0004314 311.8280  47.9902  1.00270778 14020
ABS-2                   
1 39508U 14006A   17320.63653450 -.00000092  00000-0  00000-0 0  9993
2 39508   0.0528  64.5227 0002780 182.5915 112.8565  1.00270142 13881
ATHENA-FIDUS            
1 39509U 14006B   17320.73944850  .00000149  00000-0  00000-0 0  9994
2 39509   0.0149 305.0666 0001130 300.2742 114.6721  1.00273486 13659
TURKSAT 4A              
1 39522U 14007A   17320.72761294  .00000141  00000-0  00000+0 0  9999
2 39522   0.0416 275.6709 0004584 339.1740 105.1291  1.00267629 13789
EXPRESS-AT1             
1 39612U 14010A   17321.01770563  .00000074  00000-0  00000+0 0  9990
2 39612   0.0023  97.9751 0000173 187.4379 193.2564  1.00273286 13627
EXPRESS-AT2             
1 39613U 14010B   17321.46229892 -.00000284  00000-0  00000+0 0  9998
2 39613   0.0121 265.0164 0000248 307.4192 150.5667  1.00271713 13468
AMAZONAS 4A             
1 39616U 14011A   17321.01302284 -.00000287  00000-0  00000-0 0  9994
2 39616   0.0486  67.1847 0001096 170.9768 121.8528  1.00270132 13278
ASTRA 5B                
1 39617U 14011B   17321.51021424  .00000151  00000-0  00000-0 0  9993
2 39617   0.0652 302.7699 0003587 281.2924  47.9094  1.00272653 13258
IRNSS-1B                
1 39635U 14017A   17317.51234320  .00000048  00000-0  00000-0 0  9990
2 39635  28.8127 292.5412 0020585 192.9418 166.9572  1.00278564 13132
LUCH 5V                 
1 39727U 14023A   17318.96646499 -.00000283  00000-0  00000-0 0  9995
2 39727   2.4138 299.0508 0002978 337.2529 220.6540  1.00271830531075
KAZSAT-3                
1 39728U 14023B   17321.96384420  .00000058  00000-0  00000+0 0  9991
2 39728   0.0387  52.1794 0000659 248.0196 162.5133  1.00273226 13027
EUTELSAT 3B             
1 39773U 14030A   17321.35952045  .00000016  00000-0  00000-0 0  9991
2 39773   0.0633 352.1487 0003823 235.0052 321.9869  1.00272611 12658
ASIASAT 8               
1 40107U 14046A   17320.85489317 -.00000038  00000-0  00000-0 0  9997
2 40107   0.0193 288.3984 0002103 326.8945 104.7086  1.00273342 70737
ASIASAT 6               
1 40141U 14052A   17321.47747167 -.00000365  00000-0  00000-0 0  9994
2 40141   0.0172 283.8819 0000600   5.8741  58.7860  1.00271717 11633
OPTUS 10                
1 40146U 14054A   17321.38709720 -.00000078  00000-0  00000-0 0  9995
2 40146   0.0795  36.4864 0001535 206.9619 116.5613  1.00270769 11609
MEASAT-3B               
1 40147U 14054B   17320.59060990 -.00000248  00000-0  00000-0 0  9996
2 40147   0.0428  53.8794 0001278 216.6986  89.4318  1.00272059 11487
LUCH (OLYMP)            
1 40258U 14058A   17321.14768125  .00000150  00000-0  10000-3 0  9995
2 40258   0.0159 181.5130 0001688  68.9641 257.1472  1.00269092 11517
HIMAWARI-8              
1 40267U 14060A   17321.45173149 -.00000279  00000-0  00000+0 0  9996
2 40267   0.0131  71.5534 0000841 163.3599 125.0787  1.00269647 11445
IRNSS-1C                
1 40269U 14061A   17320.29282099 -.00000165  00000-0  00000-0 0  9990
2 40269   2.7432 243.6077 0022694  12.2405 348.0805  1.00268475 11257
INTELSAT 30 (IS-30)     
1 40271U 14062A   17321.47531094 -.00000154  00000-0  00000+0 0  9994
2 40271   0.0137 318.9287 0002098 146.2068  27.6298  1.00269242 11340
ARSAT 1                 
1 40272U 14062B   17321.35306814 -.00000263  00000-0  00000-0 0  9994
2 40272   0.0222  95.8843 0001205 158.5291 217.4838  1.00268799 11196
EXPRESS-AM6             
1 40277U 14064A   17321.50045955  .00000095  00000-0  00000-0 0  9996
2 40277   0.0150 289.3272 0000271   9.6709 350.9367  1.00270754 10169
GSAT-16                 
1 40332U 14078A   17320.69184231  .00000079  00000-0  00000-0 0  9995
2 40332   0.0641 275.1035 0003765 211.3106 233.6454  1.00272017 10708
DIRECTV 14              
1 40333U 14078B   17321.47634729 -.00000129  00000-0  00000+0 0  9991
2 40333   0.0130 293.3820 0000757  82.0574 113.5498  1.00271242 10822
YAMAL 401               
1 40345U 14082A   17317.33520556 -.00000243  00000-0  00000-0 0  9999
2 40345   0.0041 213.5874 0000580 357.1092  52.5647  1.00269673 10940
ASTRA 2G                
1 40364U 14089A   17320.76606388  .00000145  00000-0  00000+0 0  9995
2 40364   0.0347  15.6820 0000939  47.4436 296.9087  1.00272885 10593
FENGYUN 2G              
1 40367U 14090A   17321.52460176 -.00000333  00000-0  00000-0 0  9999
2 40367   0.1834 215.5313 0002918  79.5365  55.2594  1.00271774 10610
INMARSAT 5-F2           
1 40384U 15005A   17321.78938248 -.00000288  00000-0  00000+0 0  9991
2 40384   0.0186 300.4595 0000522 155.9404 189.8412  1.00271855 10259
ABS-3A                  
1 40424U 15010A   17320.85238342 -.00000031  00000-0  00000-0 0  9994
2 40424   0.0115 340.5774 0002406 171.3332 208.1271  1.00273105  9992
EUTELSAT 115 WEST B     
1 40425U 15010B   17321.16237774 -.00000029  00000-0  00000+0 0  9994
2 40425   0.0056  86.7752 0000294 159.8737 113.3480  1.00270732 10012
EXPRESS-AM7             
1 40505U 15012A   17321.51021424  .00000147  00000-0  00000-0 0  9998
2 40505   0.0067 281.2431 0002270 326.3204  32.8680  1.00272920  9932
IRNSS-1D                
1 40547U 15018A   17320.34761310 -.00000332  00000-0  00000-0 0  9992
2 40547  28.7882 292.6174 0019700 188.9521 170.9545  1.00276472  9569
THOR 7                  
1 40613U 15022A   17320.87476582 -.00000013  00000-0  00000+0 0  9998
2 40613   0.0383 135.1425 0002153 101.8449 133.4323  1.00273503  9390
TURKMENALEM52E/MONACOSAT
1 40617U 15023A   17320.70008050  .00000098  00000-0  00000-0 0  9999
2 40617   0.0185  17.5767 0001582 222.3925 120.0396  1.00272450  9414
DIRECTV 15              
1 40663U 15026A   17320.13168989 -.00000110  00000-0  00000+0 0  9993
2 40663   0.0189 193.2870 0000030  21.0901 145.6467  1.00272414  9109
SKY MEXICO-1            
1 40664U 15026B   17321.06241016 -.00000239  00000-0  00000-0 0  9993
2 40664   0.0111 289.4087 0002012 305.8548 124.7425  1.00272618  9136
METEOSAT-11 (MSG-4)     
1 40732U 15034A   17320.49878143 -.00000030  00000-0  00000-0 0  9990
2 40732   1.5755 231.4108 0001752  41.9443 318.7100  1.00276675  8619
STAR ONE C4             
1 40733U 15034B   17321.03801931 -.00000269  00000-0  00000+0 0  9996
2 40733   0.0645  79.8775 0001438 184.5738  95.5572  1.00271175  8611
INTELSAT 34 (IS-34)     
1 40874U 15039A   17320.99798524 -.00000290  00000-0  00000+0 0  9998
2 40874   0.0240 289.4515 0000342 198.8664 231.6851  1.00268325  8254
EUTELSAT 8 WEST B       
1 40875U 15039B   17320.87962590 -.00000070  00000-0  00000+0 0  9998
2 40875   0.0716  18.1900 0003314 232.5595 114.0985  1.00272961  8263
GSAT-6                  
1 40880U 15041A   17318.61931999 -.00000177  00000-0  00000-0 0  9994
2 40880   0.0805  94.4102 0010028 166.3391  99.1593  1.00272177  8208
INMARSAT 5-F3           
1 40882U 15042A   17321.34395632  .00000046  00000-0  00000+0 0  9992
2 40882   0.0235 288.0141 0000374  93.4713 338.5162  1.00270718  8135
TJS-1                   
1 40892U 15046A   17321.65766550 -.00000159  00000-0  00000-0 0  9999
2 40892   0.0104   5.9450 0008011 337.3451 105.3558  1.00274084  8134
EXPRESS-AM8             
1 40895U 15048A   17321.68865449 -.00000114  00000-0  00000+0 0  9994
2 40895   0.0021 103.9306 0000661 163.0693  23.8543  1.00271194  7955
SKY MUSTER (NBN1A)      
1 40940U 15054A   17320.45566356 -.00000285  00000-0  00000-0 0  9991
2 40940   0.0132 295.0229 0001483 299.3967 125.5909  1.00272560  7860
ARSAT 2                 
1 40941U 15054B   17321.06853411 -.00000229  00000-0  00000-0 0  9999
2 40941   0.0188  93.6035 0001701 153.7376 112.6410  1.00269296  7900
MORELOS 3               
1 40946U 15056A   17321.07142780 -.00000057  00000-0  00000-0 0  9996
2 40946   6.2259 329.0963 0001168 354.1588   5.7127  1.00271410  7860
APSTAR 9                
1 40982U 15059A   17321.44797559 -.00000269  00000-0  00000+0 0  9994
2 40982   0.0071 265.9968 0001641   4.9119  89.0725  1.00269920  7731
TURKSAT 4B              
1 40984U 15060A   17320.70552995  .00000109  00000-0  00000-0 0  9992
2 40984   0.0149 312.7297 0001786 284.2847 122.9684  1.00275081  7697
CHINASAT 2C (ZX 2C)     
1 41021U 15063A   17321.39004227 -.00000327  00000-0  00000+0 0  9996
2 41021   0.0244  39.3528 0004365 275.8369 345.3232  1.00271105  7587
GSAT-15                 
1 41028U 15065A   17320.58505876 -.00000264  00000-0  00000-0 0  9992
2 41028   0.0150 263.8314 0002616 327.4320 128.7377  1.00270968  7427
BADR-7 (ARABSAT-6B)     
1 41029U 15065B   17320.77201375  .00000139  00000-0  00000-0 0  9991
2 41029   0.0550 263.1304 0005275 332.2051 124.6394  1.00269740  7344
LAOSAT 1                
1 41034U 15067A   17320.48823677 -.00000349  00000-0  00000-0 0  9996
2 41034   0.0163 278.5840 0001688 253.5053 187.9133  1.00267904  7439
TELSTAR 12V             
1 41036U 15068A   17320.88570264 -.00000124  00000-0  00000+0 0  9994
2 41036   0.0179 294.0094 0001768 306.7010 119.2720  1.00270075  7304
CHINASAT 1C (ZX 1C)     
1 41103U 15073A   17321.78518177 -.00000153  00000-0  00000+0 0  9992
2 41103   0.0012 326.4969 0005868 313.4993 141.2271  1.00271134  7253
ELEKTRO-L 2             
1 41105U 15074A   17321.84771576 -.00000099  00000-0  00000+0 0  9995
2 41105   0.0526  18.3395 0003686 252.1843 167.7785  1.00272075  7106
COSMOS 2513             
1 41121U 15075A   17321.44907095 -.00000141  00000-0  00000-0 0  9996
2 41121   0.0855  96.2918 0003999 154.4015  47.9119  1.00270410  7175
EXPRESS-AMU1            
1 41191U 15082A   17321.14768125  .00000151  00000-0  00000-0 0  9997
2 41191   0.0034 231.2850 0002280   6.1324 268.2937  1.00274426  7082
GAOFEN 4                
1 41194U 15083A   17321.52460176 -.00000338  00000-0  00000-0 0  9996
2 41194   0.0122 287.9865 0005196 319.3935 103.9880  1.00271318  7060
BELINTERSAT-1           
1 41238U 16001A   17318.94424354  .00000097  00000-0  00000+0 0  9996
2 41238   0.0084 169.4627 0001413  29.7874 246.3927  1.00270066  6824
IRNSS-1E                
1 41241U 16003A   17320.84496512 -.00000260  00000-0  00000+0 0  9992
2 41241  29.0317 112.0520 0019656 177.8940 182.0786  1.00267988  6762
INTELSAT 29E (IS-29E)   
1 41308U 16004A   17320.98267640 -.00000287  00000-0  00000+0 0  9999
2 41308   0.0080 266.6698 0001494 328.4748 124.8413  1.00270274  6735
EUTELSAT 9B             
1 41310U 16005A   17320.87476582  .00000057  00000-0  00000+0 0  9992
2 41310   0.0733  94.8228 0005350 181.3143 103.9078  1.00272710  6689
SES-9                   
1 41380U 16013A   17320.54415939 -.00000351  00000-0  00000-0 0  9990
2 41380   0.0171 306.3569 0000594 258.6931 154.9716  1.00272118  6079
EUTELSAT 65 WEST A      
1 41382U 16014A   17321.02478318 -.00000281  00000-0  00000+0 0  9998
2 41382   0.0503 356.3959 0001734 243.9160 119.6958  1.00274179  6228
IRNSS-1F                
1 41384U 16015A   17320.48062657  .00000152  00000-0  00000-0 0  9992
2 41384   3.8474 261.2315 0017150 184.0434 176.0209  1.00275733  6263
IRNSS-1G                
1 41469U 16027A   17321.21301780 -.00000339  00000-0  00000+0 0  9991
2 41469   3.9165 262.6917 0003381 192.7553 167.3256  1.00271724  5773
JCSAT 2B                
1 41471U 16028A   17321.41478616 -.00000169  00000-0  00000+0 0  9991
2 41471   0.0193 291.0433 0001776 313.9949 114.9433  1.00270683  5662
THAICOM 8               
1 41552U 16031A   17320.62670649 -.00000127  00000-0  00000-0 0  9992
2 41552   0.0697  53.4646 0002037 266.4559  40.0890  1.00269716  5309
INTELSAT 31 (IS-31)     
1 41581U 16035A   17321.10748435 -.00000155  00000-0  00000-0 0  9992
2 41581   0.0163 256.8759 0001564 311.0560 152.0849  1.00271462  5260
BEIDOU G7               
1 41586U 16037A   17321.34702048 -.00000252  00000-0  00000-0 0  9993
2 41586   1.0137 327.0350 0003660 285.2031  73.8762  1.00272578  5374
ABS-2A (MONGOLSAT-1)    
1 41588U 16038A   17321.84771576 -.00000087  00000-0  00000+0 0  9998
2 41588   0.0221 119.3209 0001935  16.4840 301.2052  1.00272584  5297
EUTELSAT 117 WEST B     
1 41589U 16038B   17321.16817304 -.00000016  00000-0  00000+0 0  9996
2 41589   0.0218 127.1440 0000515 190.0072  42.8700  1.00272915  5293
BRISAT                  
1 41591U 16039A   17320.42721284 -.00000202  00000-0  00000-0 0  9997
2 41591   0.0186 294.1939 0001880 295.9945 129.8193  1.00272764  5203
ECHOSTAR 18             
1 41592U 16039B   17321.01407025 -.00000286  00000-0  00000-0 0  9990
2 41592   0.0140 293.0690 0001681 320.4823 106.4303  1.00269793  5217
TIANTONG-1 1            
1 41725U 16048A   17321.45132308 -.00000326  00000-0  00000-0 0  9990
2 41725   4.3719 325.6531 0005902 338.5603  16.3761  1.00271411  4841
JCSAT-16                
1 41729U 16050A   17321.39245557 -.00000095  00000-0  00000-0 0  9994
2 41729   0.0194 288.0113 0001544 318.0721 113.9004  1.00271319  4633
INTELSAT 36 (IS-36)     
1 41747U 16053A   17320.65443147 -.00000030  00000-0  00000+0 0  9998
2 41747   0.0177 355.3633 0002799 339.7271  24.9208  1.00271833  4540
INTELSAT 33E (IS-33E)   
1 41748U 16053B   17321.67516581  .00000046  00000-0  00000+0 0  9991
2 41748   0.0381  48.7869 0002155 187.1708 124.0474  1.00273982  4801
INSAT-3DR               
1 41752U 16054A   17320.63907351 -.00000082  00000-0  00000+0 0  9992
2 41752   0.1261  99.5712 0008593 171.2397  89.1150  1.00272471  4382
GSAT-18                 
1 41793U 16060A   17320.63946927 -.00000083  00000-0  00000-0 0  9998
2 41793   0.0356 278.8742 0004145 190.0346 251.1608  1.00271944  4112
SKY MUSTER 2            
1 41794U 16060B   17321.44034648 -.00000247  00000-0  00000-0 0  9999
2 41794   0.0119 281.6306 0001317 315.7002 122.6820  1.00272981  4100
HIMAWARI-9              
1 41836U 16064A   17321.45152066 -.00000279  00000-0  00000+0 0  9990
2 41836   0.0274  53.8641 0000699 199.0095 107.1188  1.00268394  3889
SHIJIAN-17 (SJ-17)      
1 41838U 16065A   17321.52208212 -.00000366  00000-0  00000-0 0  9994
2 41838   0.2954  98.0459 0001152 275.4457 349.3523  1.00269202  3817
GOES 16                 
1 41866U 16071A   17321.09152015 -.00000188  00000-0  00000+0 0  9994
2 41866   0.0057  40.4730 0001221 250.4490  69.0900  1.00273317  3682
TIANLIAN 1-04           
1 41869U 16072A   17321.03452424 -.00000112  00000-0  00000+0 0  9996
2 41869   2.3418 288.7867 0008580 162.3526  54.5083  1.00270621  3883
FENGYUN 4A              
1 41882U 16077A   17321.45185980 -.00000333  00000-0  00000-0 0  9998
2 41882   0.1282 282.7205 0006893 193.3682 207.9360  1.00268383  3553
ECHOSTAR 19             
1 41893U 16079A   17321.11317751 -.00000142  00000-0  00000-0 0  9996
2 41893   0.0174 293.3330 0001186 304.0002 122.6553  1.00268995  3307
STAR ONE D1             
1 41904U 16082B   17321.07676710 -.00000215  00000-0  00000+0 0  9991
2 41904   0.0615  97.3154 0003153 158.2339 104.4407  1.00272838  3367
TJS-2                   
1 41911U 17001A   17321.39004227 -.00000346  00000-0  00000-0 0  9990
2 41911   0.3534 278.4665 0002365  57.7014 328.4513  1.00273002  3308
HISPASAT 36W-1          
1 41942U 17006A   17320.94395139 -.00000249  00000-0  00000+0 0  9995
2 41942   0.0352  97.1520 0000911 129.1297 133.7356  1.00270970  3106
TELKOM 3S               
1 41944U 17007A   17321.51452489 -.00000366  00000-0  00000+0 0  9994
2 41944   0.0138 279.5332 0002281 330.4186 110.0237  1.00268504  2793
INTELSAT 32E (IS-32E)   
1 41945U 17007B   17320.96383364 -.00000274  00000-0  00000+0 0  9996
2 41945   0.0169 288.1037 0001395 244.6396 187.2587  1.00269164  2821
ECHOSTAR 23             
1 42070U 17014A   17320.96852824 -.00000278  00000-0  00000-0 0  9991
2 42070   0.0221 283.2584 0002022 309.5591 127.1640  1.00268281  2517
SES-10                  
1 42432U 17017A   17321.02947177 -.00000277  00000-0  00000+0 0  9998
2 42432   0.0141 343.5138 0002498 258.0889 118.3971  1.00270391  2356
CHINASAT 16 (SJ-13)     
1 42662U 17018A   17321.53507008 -.00000355  00000-0  00000+0 0  9992
2 42662   0.0723  96.2585 0007557 144.7940 118.8969  1.00271270  2321
KOREASAT 7              
1 42691U 17023A   17320.52309383 -.00000368  00000-0  00000-0 0  9999
2 42691   0.0099  18.8761 0001898 186.7996 154.3391  1.00273262  1960
SGDC                    
1 42692U 17023B   17321.05147483 -.00000254  00000-0  00000-0 0  9994
2 42692   0.0483  78.7769 0002595 163.2113 118.0104  1.00270730  2010
GSAT-9                  
1 42695U 17024A   17321.39493727 -.00000290  00000-0  00000+0 0  9999
2 42695   0.0401 271.1742 0001612 347.3834  37.6121  1.00272955  2002
INMARSAT 5-F4           
1 42698U 17025A   17321.39493727 -.00000316  00000-0  00000+0 0  9992
2 42698   0.0257 288.7624 0000158 152.0391 206.8460  1.00948543  1840
EUTELSAT 172B           
1 42741U 17029B   17321.36387585 -.00000082  00000-0  00000+0 0  9996
2 42741   0.0156  41.1775 0004615 131.2675 187.5871  0.99897352  2289
GSAT-19                 
1 42747U 17031A   17320.61554725 -.00000167  00000-0  00000-0 0  9999
2 42747   0.0830 100.5619 0002951 124.7571 134.6813  1.00276169  1710
ECHOSTAR 21             
1 42749U 17032A   17320.70127389  .00000047  00000-0  00000-0 0  9990
2 42749   7.2374 318.8193 0002820 244.9119 114.9573  1.00271936  1680
CHINASAT 9A (ZX 9A)     
1 42763U 17035A   17321.02480041 -.00000316  00000-0  00000+0 0  9991
2 42763   0.0051 133.0901 0001460  67.2440 326.2513  1.00266940  2227
BULGARIASAT-1           
1 42801U 17038A   17320.83881249  .00000007  00000-0  00000+0 0  9996
2 42801   0.0279 296.7465 0002541 306.5760 116.6763  1.00273627  1484
HELLAS-SAT 3            
1 42814U 17040A   17320.73617157  .00000147  00000-0  00000-0 0  9993
2 42814   0.0862  74.3554 0001253 231.3554  54.3022  1.00273351  1480
GSAT-17                 
1 42815U 17040B   17320.58496095 -.00000264  00000-0  00000-0 0  9994
2 42815   0.0645 103.8143 0007510 149.2825 106.8451  1.00271322  1421
INTELSAT 35E (IS-35E)   
1 42818U 17041A   17320.93968818 -.00000242  00000-0  00000+0 0  9999
2 42818   0.0188 279.6369 0001890 320.4354 119.9338  1.00272204  1411
COSMOS 2520             
1 42907U 17046A   17320.22202185  .00000130  00000-0  00000-0 0  9999
2 42907   0.0645  83.4423 0002023 251.5649 205.4442  1.00274591   956
TDRS 13                 
1 42915U 17047A   17321.18200940  .00000108  00000-0  00000-0 0  9997
2 42915   6.9153 332.2595 0007382 326.9655  32.8763  1.00277400   923
QZS-3                   
1 42917U 17048A   17321.48949747 -.00000351  00000-0  00000+0 0  9998
2 42917   0.0457 223.7870 0002512  27.9571 108.2541  1.00274333   959
AMAZONAS 5              
1 42934U 17053A   17321.54351962 -.00000286  00000-0  00000+0 0  9993
2 42934   0.0179 322.4971 0003359 301.0407 287.9355  1.00270626   704
ASIASAT 9               
1 42942U 17057A   17321.64333337 -.00000363  00000-0  00000-0 0  9990
2 42942   0.0523  83.6498 0000564   2.5813 324.4096  1.00269733   521
INTELSAT 37E (IS-37E)   
1 42950U 17059A   17320.88556130 -.00000184  00000-0  00000+0 0  9994
2 42950   0.0118 186.5581 0001006  70.4556 202.4719  1.00269382   624
BSAT-4A                 
1 42951U 17059B   17321.30601675 -.00000354  00000-0  00000-0 0  9998
2 42951   0.0090 305.5915 0000906  70.5890 260.2910  1.00269876   520
SES-11 (ECHOSTAR 105)   
1 42967U 17063A   17321.47063090 -.00000143  00000-0  00000+0 0  9996
2 42967   0.0408 252.1394 0000884   6.6980 214.8065  1.00977121   393