KOREASAT 5A             
1 42984U 17066A   17320.88055319 -.00000365  00000-0  00000+0 0  9993
2 42984   0.0377  99.7072 0000115 313.8524  74.1314  1.00273244   208
FALCON 9 R/B            
1 42985U 17067B   17319.58879808  .00000216  00000-0  50237-4 0  9993
2 42985  22.0894 159.3750 7885551 185.6407 151.0741  1.54997413   243
SKYSAT-C11              
1 42987U 17068A   17321.82772839  .00001016  00000-0  54926-4 0  9990
2 42987  97.3495  75.5220 0021678 151.7415 208.4999 15.16714467  2564
SKYSAT-C10              
1 42988U 17068B   17321.89260585  .00000976  00000-0  52578-4 0  9993
2 42988  97.3494  75.5874 0021604 153.8187 206.4144 15.16928699  2572
SKYSAT-C9               
1 42989U 17068C   17321.89171438  .00001024  00000-0  54646-4 0  9995
2 42989  97.3496  75.5885 0021418 156.0032 204.2205 15.17156066  2570
SKYSAT-C8               
1 42990U 17068D   17321.88994900  .00001025  00000-0  54125-4 0  9996
2 42990  97.3494  75.5915 0021139 159.1983 201.0116 15.17545488  2579
SKYSAT-C7               
1 42991U 17068E   17321.88842003  .00001034  00000-0  54308-4 0  9996
2 42991  97.3495  75.5931 0021581 161.9350 198.2656 15.17712488  2571
SKYSAT-C6               
1 42992U 17068F   17321.88626532  .00001046  00000-0  54466-4 0  9992
2 42992  97.3493  75.5949 0021807 163.9173 196.2758 15.17962575  2570
2017-068G               
1 42993U 17068G   17321.82144553  .00003239  00000-0  16323-3 0  9990
2 42993  97.3546  75.5422 0019787 160.1473 200.0536 15.17690170  2568
2017-068H               
1 42994U 17068H   17321.88605665  .00001047  00000-0  54896-4 0  9996
2 42994  97.3486  75.5933 0019514 162.0107 198.1822 15.17776745  2571
FLOCK 3M-1              
1 42995U 17068J   17321.88379184  .00001567  00000-0  80069-4 0  9999
2 42995  97.3426  75.5810 0018437 161.4213 198.7698 15.17989047  2572
FLOCK 3M-3              
1 42996U 17068K   17321.88200504  .00001507  00000-0  76763-4 0  9999
2 42996  97.3381  75.5716 0017777 161.9047 198.2824 15.18149019  2578
FLOCK 3M-4              
1 42997U 17068L   17321.88111450  .00001430  00000-0  72871-4 0  9992
2 42997  97.3594  75.6296 0017484 163.0256 197.1566 15.18226515  2577
FLOCK 3M-2              
1 42998U 17068M   17321.87780659  .00001610  00000-0  81021-4 0  9992
2 42998  97.3495  75.6066 0015841 158.6839 201.5058 15.18525628  2578
BEIDOU-3 M1             
1 43001U 17069A   17321.41068525  .00000078  00000-0  00000+0 0  9990
2 43001  55.0090 167.8930 0007630 280.5946  27.8601  1.86232019   234
BEIDOU-3 M2             
1 43002U 17069B   17321.34510612  .00000080  00000-0  00000+0 0  9995
2 43002  55.0101 167.9078 0115483 176.9143 326.4603  1.82882859   234
YZ-1 R/B                
1 43003U 17069C   17316.35025495  .00000050  00000-0  00000+0 0  9998
2 43003  54.6676 167.8585 0041805 338.2578  21.5229  1.78953771   133
CZ-3B R/B               
1 43004U 17069D   17317.88931137  .00113973  37902-6  14930-2 0  9993
2 43004  55.0147 163.5213 5779696 172.6960 202.2038  4.48548907   372
MOHAMMED VI-A           
1 43005U 17070A   17321.80728627 -.00045633  00000-0 -65097-2 0  9993
2 43005  97.9625  32.0632 0001888  78.0727 282.1815 14.77024385  1430
CYGNUS OA-8             
1 43006U 17071A   17320.58149788  .00003295  00000-0  56951-4 0  9991
2 43006  51.6424 358.6134 0004424 120.6220  11.4433 15.54157095 85454
ANTARES R/B             
1 43007U 17071B   17321.46587526  .00862429  11614-4  52862-3 0  9991
2 43007  51.5949 352.7483 0068029 165.2156 195.1519 16.11910438   793
ANTARES DEB             
1 43008U 17071C   17318.34808322  .23044238  11996-4  22316-2 0  9993
2 43008  51.6193   9.4617 0022533 144.4628 218.1682 16.36541248   203
FENGYUN 3D              
1 43010U 17072A   17321.83828732 -.00000064  00000-0 -84802-5 0  9999
2 43010  98.6510 262.0733 0009956 244.4503 115.5648 14.26069419   432
HEAD-1                  
1 43011U 17072B   17321.83711624  .00000967  00000-0  41861-3 0  9997
2 43011  98.6517 262.0758 0008872 253.9915 106.0299 14.26623416   446
CZ-4C R/B               
1 43012U 17072C   17321.84468902  .00000472  00000-0  10748-3 0  9998
2 43012  98.6001 262.1672 0128239  31.8042 329.0819 14.55981073   459