ISS (ZARYA)             
1 25544U 98067A   17321.91925515  .00004129  00000-0  69484-4 0  9992
2 25544  51.6418 351.9459 0004388 125.4063 296.3725 15.54171977 85663
TIANGONG 1              
1 37820U 11053A   17321.78552083  .00065822  98463-5  19919-3 0  9992
2 37820  42.7559 332.1725 0017713  99.0522 254.5026 15.91643100352322
AGGIESAT 4              
1 41313U 98067HP  17321.39339956  .00077618  00000-0  29625-3 0  9999
2 41313  51.6360 290.4570 0004888  57.8339 302.3139 15.86798133103135
FLOCK 2E'-1             
1 41479U 98067HZ  17321.44590851  .00049880  00000-0  27285-3 0  9991
2 41479  51.6339 310.3805 0003550  49.9321 310.1991 15.79325020 85983
FLOCK 2E'-3             
1 41480U 98067JA  17321.51195362  .00044921  00000-0  25693-3 0  9991
2 41480  51.6274 310.0703 0003312  54.8450 305.2861 15.78380470 85981
FLOCK 2E'-2             
1 41481U 98067JB  17321.35118923  .00441772  90996-4  10184-2 0  9992
2 41481  51.6259 305.8573 0007963  86.2964 273.8955 15.96618008 86017
FLOCK 2E-1              
1 41483U 98067JD  17321.43837248  .00037631  00000-0  24604-3 0  9992
2 41483  51.6344 313.4369 0002267  29.7017 330.4111 15.75434065 85799
FLOCK 2E-2              
1 41484U 98067JE  17321.39437572  .00136326  00000-0  67871-3 0  9998
2 41484  51.6300 309.3779 0003160  49.0393 311.0882 15.80978542 85841
FLOCK 2E-3              
1 41486U 98067JG  17321.52100515  .00041400  00000-0  24931-3 0  9997
2 41486  51.6322 313.9587 0002996  41.2051 318.9175 15.77261804 85816
FLOCK 2E-4              
1 41487U 98067JH  17321.54644291  .00030066  00000-0  19504-3 0  9990
2 41487  51.6318 312.6185 0002371  24.3747 335.7364 15.75732419 85835
FLOCK 2E-6              
1 41563U 98067JM  17321.47156565  .00100103  00000-0  57378-3 0  9990
2 41563  51.6335 316.6192 0005100  72.1828 287.9729 15.77995967 83848
FLOCK 2E-5              
1 41564U 98067JN  17321.55616908  .00026972  00000-0  19901-3 0  9993
2 41564  51.6332 317.2078 0003368  53.7391 306.3919 15.72795716 83831
FLOCK 2E-7              
1 41565U 98067JP  17321.51889772  .00049074  00000-0  26907-3 0  9993
2 41565  51.6283 308.5876 0005566  26.7597 333.3691 15.79268500 83847
FLOCK 2E'-5             
1 41567U 98067JR  17321.83634339  .00025567  00000-0  19887-3 0  9997
2 41567  51.6342 318.3695 0005242  17.3278 342.7898 15.71566701 83711
FLOCK 2E'-6             
1 41568U 98067JS  17321.39421151  .00034798  00000-0  23119-3 0  9994
2 41568  51.6317 315.3249 0005365  25.5490 334.5773 15.75091603 83741
FLOCK 2E'-8             
1 41569U 98067JT  17321.51306699  .00051715  00000-0  27421-3 0  9996
2 41569  51.6323 307.8128 0003687  31.3238 328.7983 15.79995901 83736
FLOCK 2E-9              
1 41571U 98067JV  17321.32946040  .00220116  00000-0  89660-3 0  9994
2 41571  51.6305 306.5914 0003677  55.9270 304.2082 15.84998100 83712
FLOCK 2E-10             
1 41572U 98067JW  17321.53210955  .00045788  00000-0  26217-3 0  9996
2 41572  51.6342 310.2453 0005151  24.2440 335.8802 15.78338210 83680
FLOCK 2E-12             
1 41573U 98067JX  17321.41078223  .00052837  00000-0  27442-3 0  9998
2 41573  51.6321 308.6357 0005821  32.0864 328.0491 15.80427193 83694
FLOCK 2E-11             
1 41574U 98067JY  17321.40156777  .00049009  00000-0  25713-3 0  9995
2 41574  51.6256 307.7317 0006486  37.3271 322.8180 15.80231656 83702
FLOCK 2E'-9             
1 41575U 98067JZ  17321.42904376  .00070740  00000-0  31931-3 0  9999
2 41575  51.6293 304.8820 0007129  44.2996 315.8576 15.83319505 83734
FLOCK 2E'-10            
1 41576U 98067KA  17321.35700920  .00059336  00000-0  28788-3 0  9995
2 41576  51.6316 308.3065 0006879  42.9287 317.2251 15.81848713 83585
FLOCK 2E'-11            
1 41577U 98067KB  17321.51072125  .00046080  00000-0  25561-3 0  9991
2 41577  51.6346 309.3740 0005734  24.7740 335.3535 15.79037306 83403
FLOCK 2E'-12            
1 41578U 98067KC  17321.34765587  .00072856  00000-0  32060-3 0  9996
2 41578  51.6266 306.6085 0007019  35.0721 325.0743 15.83847339 83428
FLOCK 2E'-13            
1 41761U 98067KH  17321.52061512  .00052156  00000-0  50446-3 0  9996
2 41761  51.6362 336.6272 0006746 103.0604 257.1145 15.65870238 66888
FLOCK 2E'-14            
1 41762U 98067KJ  17321.60926013  .00017554  00000-0  17764-3 0  9991
2 41762  51.6376 335.7604 0005774 101.0014 259.1631 15.65370067 66906
FLOCK 2E'-16            
1 41763U 98067KK  17321.46039163  .00050180  00000-0  47229-3 0  9998
2 41763  51.6375 335.5136 0005087 109.0431 251.1117 15.66577992 66854
FLOCK 2E'-15            
1 41764U 98067KL  17321.61201787  .00015201  00000-0  15885-3 0  9997
2 41764  51.6377 336.5243 0005415 109.8792 250.2787 15.64683939 66850
TIANGONG-2              
1 41765U 16057A   17321.85149306  .00005533  00000-0  72394-4 0  9997
2 41765  42.7831 161.8260 0003801 244.3145 303.6965 15.59521792 66964
FLOCK 2E'-18            
1 41769U 98067KM  17321.46474660  .00015106  00000-0  15742-3 0  9993
2 41769  51.6379 337.0344 0003904 127.5282 232.6068 15.64767616 66836
FLOCK 2E'-17            
1 41776U 98067KN  17321.57295275  .00021405  00000-0  21815-3 0  9993
2 41776  51.6385 336.2881 0004174 129.4625 230.6740 15.65045494 66840
FLOCK 2E'-19            
1 41777U 98067KP  17321.56206167  .00028493  00000-0  24025-3 0  9995
2 41777  51.6356 330.1225 0003331 113.8326 246.3020 15.69565787 66888
FLOCK 2E'-20            
1 41782U 98067KQ  17321.58946320  .00025480  00000-0  22722-3 0  9990
2 41782  51.6365 331.8562 0003188 111.2319 248.9018 15.68264236 66733
BANXING-2               
1 41834U 16057H   17321.88391322  .00018233  00000-0  13682-3 0  9999
2 41834  42.7814 141.7783 0009790 258.6452 206.1851 15.72199051 61264
STARS-C                 
1 41895U 98067KR  17321.52959591  .00085183  00000-0  52972-3 0  9999
2 41895  51.6349 334.3952 0003391  78.5375 281.6005 15.76231714 52036
ITF-2                   
1 41932U 98067KU  17321.46400519  .00026133  00000-0  26170-3 0  9996
2 41932  51.6392 342.3173 0004861  99.8753 260.2791 15.65355440 47499
WASEDA-SAT3             
1 41933U 98067KV  17321.47226295  .00032426  00000-0  30162-3 0  9993
2 41933  51.6370 340.8250 0004661  98.4286 261.7238 15.67078674 47517
AOBA-VELOX 3            
1 41935U 98067KX  17321.52231079  .00032034  00000-0  30540-3 0  9992
2 41935  51.6387 341.1928 0004262  98.1031 262.0448 15.66474743 47619
OSNSAT                  
1 41939U 98067KZ  17321.25643890  .00150030  00000-0  66872-3 0  9998
2 41939  51.6335 331.0260 0006806  76.4001 283.7759 15.83283812 46972
LEMUR-2-REDFERN-GOES    
1 42059U 98067LA  17321.49757999  .00027500  00000-0  28468-3 0  9998
2 42059  51.6375 344.7543 0005761 133.0797 227.0681 15.64480404 39956
LEMUR-2-TRUTNA          
1 42067U 98067LC  17321.47306334  .00061267  00000-0  43691-3 0  9991
2 42067  51.6355 339.3051 0004393 106.6850 253.4631 15.73197225 39856
LEMUR-2-AUSTINTACIOUS   
1 42068U 98067LD  17321.52368983  .00028755  00000-0  27662-3 0  9991
2 42068  51.6377 343.4289 0005425 122.0679 238.0844 15.66303297 39909
LEMUR-2-TRUTNAHD        
1 42069U 98067LE  17321.52040166  .00029156  00000-0  29370-3 0  9996
2 42069  51.6385 344.1755 0005094 129.0380 231.1070 15.65140683 39949
HAVELSAT                
1 42700U 98067LH  17321.61695341  .00025668  00000-0  29745-3 0  9999
2 42700  51.6388 348.5641 0004029 162.9156 197.1974 15.61632395 28865
SOMP 2                  
1 42701U 98067LJ  17321.77308816  .00025483  00000-0  30060-3 0  9992
2 42701  51.6387 348.1086 0004089 163.8116 196.3009 15.61172920 28870
COLUMBIA                
1 42702U 98067LK  17321.58495081  .00086274  00000-0  66942-3 0  9996
2 42702  51.6353 344.5728 0003124  94.7336 265.4019 15.71067710 28838
SGSAT                   
1 42703U 98067LL  17321.53487877  .00058417  00000-0  53709-3 0  9991
2 42703  51.6360 346.4907 0003734  60.6971 299.4398 15.67101411 28795
CXBN-2                  
1 42704U 98067LM  17321.45756537  .00023294  00000-0  27469-3 0  9994
2 42704  51.6394 349.7539 0002521  78.0975 282.0302 15.61243271 28754
ICECUBE                 
1 42705U 98067LN  17321.51480407  .00037456  00000-0  40648-3 0  9991
2 42705  51.6416 348.6565 0002911  84.7311 275.4015 15.63126021 28839
PHOENIX                 
1 42706U 98067LP  17321.44042458  .00021239  00000-0  25063-3 0  9990
2 42706  51.6388 349.6393 0001554  77.9003 282.2164 15.61288060 28743
X-CUBESAT               
1 42707U 98067LQ  17321.49834824  .00025269  00000-0  29348-3 0  9999
2 42707  51.6375 349.2639 0001638  75.0340 285.0835 15.61588649 28747
QBEE50-LTU-OC           
1 42708U 98067LR  17321.44286204  .00023939  00000-0  28062-3 0  9992
2 42708  51.6379 349.6446 0001648  77.9985 282.1194 15.61381929 28691
ALTAIR PATHFINDER       
1 42711U 98067LS  17321.57271585  .00015601  00000-0  20232-3 0  9994
2 42711  51.6388 350.5134 0004493  97.0457 263.1047 15.59037547 28404
SHARC                   
1 42712U 98067LT  17321.52703537  .00012876  00000-0  17231-3 0  9993
2 42712  51.6405 350.9730 0002661  98.5805 261.5489 15.58388511 28635
ZA-AEROSAT              
1 42713U 98067LU  17321.57135605  .00023149  00000-0  28351-3 0  9994
2 42713  51.6386 349.7606 0002880  76.7874 283.3440 15.60253916 28417
LINK                    
1 42714U 98067LV  17321.53680480  .00034272  00000-0  37480-3 0  9999
2 42714  51.6369 348.7650 0003254  66.6439 293.4897 15.62971587 28532
CSUNSAT 1               
1 42715U 98067LW  17321.50656220  .00021398  00000-0  26061-3 0  9990
2 42715  51.6392 350.0757 0004760  84.1540 275.9996 15.60447743 28405
UPSAT                   
1 42716U 98067LX  17321.59303694  .00029493  00000-0  32904-3 0  9991
2 42716  51.6385 348.4035 0002283 153.7703 206.3408 15.62539408 28565
SPACECUBE               
1 42717U 98067LY  17321.52260523  .00024458  00000-0  28774-3 0  9994
2 42717  51.6385 349.4326 0002529 157.9101 202.2002 15.61273218 27782
HOOPOE                  
1 42718U 98067LZ  17321.49348191  .00028076  00000-0  32098-3 0  9993
2 42718  51.6384 349.2382 0002437 152.4221 207.6902 15.61934643 27787
CHALLENGER              
1 42721U 98067MA  17321.69277606  .00041793  00000-0  43686-3 0  9997
2 42721  51.6370 347.5543 0004817 134.9988 225.1397 15.64023332 27527
NJUST-1                 
1 42722U 98067MB  17321.66901262  .00019988  00000-0  24875-3 0  9997
2 42722  51.6389 349.6594 0005900 148.5056 211.6291 15.59921235 27490
UNSW-ECO                
1 42723U 98067MC  17321.92346904  .00029387  00000-0  33642-3 0  9999
2 42723  51.6443 347.4682 0005274 141.5021 286.7157 15.61864130 27526
DUTHSAT                 
1 42724U 98067MD  17321.91750600  .00038702  00000-0  41112-3 0  9993
2 42724  51.6409 346.6778 0004811 132.9510 290.7876 15.63649493 27460
LILACSAT-1              
1 42725U 98067ME  17321.92053441  .00022986  00000-0  27808-3 0  9997
2 42725  51.6427 348.2018 0005571 147.5479 277.4847 15.60570328 27441
NSIGHT-1                
1 42726U 98067MF  17321.75939502  .00011834  00000-0  16132-3 0  9998
2 42726  51.6400 350.2719 0005629 155.6965 204.4293 15.57975626 27405
SNUSAT-1                
1 42727U 98067MG  17321.92040144  .00024910  00000-0  30215-3 0  9990
2 42727  51.6411 348.1849 0007810 111.0643 313.1733 15.60434891 27406
QBITO                   
1 42728U 98067MH  17321.55185122  .00027257  00000-0  32135-3 0  9996
2 42728  51.6403 349.6432 0002205 136.7186 223.3981 15.61152349 27190
AALTO-2                 
1 42729U 98067MJ  17321.67877317  .00026475  00000-0  31167-3 0  9999
2 42729  51.6391 348.9799 0002176 135.3592 224.7577 15.61208030 27227
SUSAT                   
1 42730U 98067MK  17321.89654609  .00024200  00000-0  28903-3 0  9990
2 42730  51.6419 348.0502 0003190 145.9753 274.6070 15.60884169 27242
I-INSPIRE II            
1 42731U 98067ML  17321.90891218  .00029154  00000-0  33067-3 0  9992
2 42731  51.6413 347.3524 0007601  97.4014 327.9157 15.62092315 27306
POLYITAN-2-SAU          
1 42732U 98067MM  17321.60673980  .00026966  00000-0  31537-3 0  9992
2 42732  51.6382 349.2320 0006876  93.9770 266.2010 15.61347482 27254
SNUSAT-1B               
1 42733U 98067MN  17321.89699189  .00024011  00000-0  28692-3 0  9990
2 42733  51.6418 348.0428 0007344 105.1607 316.2588 15.60853229 27297
EXALTA-1                
1 42734U 98067MP  17321.71061884  .00030377  00000-0  34528-3 0  9994
2 42734  51.6375 348.4242 0007382 119.5273 240.6458 15.62015573 27221
AOXIANG-1               
1 42735U 98067MQ  17321.66215593  .00019995  00000-0  24762-3 0  9999
2 42735  51.6382 349.6083 0006502 145.9234 214.2178 15.60046894 28628
BEEAGLESAT              
1 42736U 98067MR  17321.91506792  .00021547  00000-0  26197-3 0  9992
2 42736  51.6418 348.1594 0007631 147.6054 275.7036 15.60470049 27350
ATLANTIS                
1 42737U 98067MS  17321.52446386  .00072759  00000-0  62155-3 0  9997
2 42737  51.6347 346.4091 0004863 107.4904 252.6624 15.68810262 27234
PROGRESS-MS 06          
1 42756U 17033A   17320.58149788  .00003295  00000-0  56951-4 0  9990
2 42756  51.6424 358.6134 0004424 120.6220  11.4433 15.54157095 85455
ISS DEB (ROSA)          
1 42813U 98067MT  17321.57905224  .00120857  00000-0  93592-3 0  9990
2 42813  51.6351 347.5333 0006545  63.7729 296.3941 15.70948648 22621
SOYUZ-MS 05             
1 42898U 17043A   17320.58149788  .00003295  00000-0  56951-4 0  9998
2 42898  51.6424 358.6134 0004424 120.6220  11.4433 15.54157095 85452
SOYUZ-MS 06             
1 42937U 17054A   17320.58149788  .00003295  00000-0  56951-4 0  9994
2 42937  51.6424 358.6134 0004424 120.6220  11.4433 15.54157095 85456
PROGRESS-MS 07          
1 42971U 17065A   17320.58149788  .00003295  00000-0  56951-4 0  9994
2 42971  51.6424 358.6134 0004424 120.6220  11.4433 15.54157095 85454
KESTREL EYE IIM (KE2M)  
1 42982U 98067NE  17305.65629569  .00008919  00000-0  13962-3 0  9990
2 42982  51.6411  72.9984 0005406  84.5747  14.7663 15.54559432  1274
SIMPL                   
1 42983U 98067NF  17321.90390046  .00004878  00000-0  79345-4 0  9990
2 42983  51.6443 351.9581 0005437 126.5775 240.1970 15.54670133  3332
CYGNUS OA-8             
1 43006U 17071A   17320.58149788  .00003295  00000-0  56951-4 0  9991
2 43006  51.6424 358.6134 0004424 120.6220  11.4433 15.54157095 85454